0 matrix1_8000_0.3.txt matrix2_8000_0.3.txt 53048.0 30 0.5517 0.99704 0.9978 1.0002 4.105511999999999 1.0008 13.664420000000032 30.254099999999998 52.75 30.0 1.0 54000.0
1 matrix1_2000_0.7.txt matrix2_2000_0.7.txt 3139.0 6 6.8472 6.8472 6.8472 6.8472 6.8472 6.8472 6.8472 6.8472 16.91 30.0 30.0 4000.0
2 matrix1_8000_0.1.txt matrix2_8000_0.1.txt 46444.0 29 0.996 0.99783 0.9989250000000002 1.00025 2.5556500000000004 1.0008 1.00209 29.686300000000003 52.74 30.0 30.0 47000.0
3 matrix1_4000_0.3.txt matrix2_4000_0.3.txt 11006.0 18 0.9983 0.9988400000000002 0.99965 1.00155 5.3354 5.3373 13.139040000000001 18.3402 22.93 30.0 29.0 12500.0
4 matrix1_6000_0.5.txt matrix2_6000_0.5.txt 31704.0 26 0.5660000000000001 0.99678 0.9975 1.0003 2.6484199999999998 1.00155 1.00232 26.163 37.2 30.0 29.0 33500.0
5 matrix1_8000_0.9.txt matrix2_8000_0.9.txt 64127.0 30 0.5472 0.9773000000000001 0.99735 0.9998999999999999 2.9470774193548386 1.00085 1.0025 29.4424 53.13 29.0 29.0 63000.0
6 matrix1_4000_0.7.txt matrix2_4000_0.7.txt 13503.0 4 0.8813 0.93935 0.9975499999999999 0.99895 1.5051166666666667 1.0002000000000002 2.57705 4.1538 15.41 18.0 18.0 14000.0
7 matrix1_6000_0.3.txt matrix2_6000_0.3.txt 28980.0 21 0.8911 0.99678 0.9991 0.9995999999999999 3.4927384615384613 1.0007 10.937180000000007 21.1002 31.07 26.0 26.0 31000.0
8 matrix1_2000_0.1.txt matrix2_2000_0.1.txt 2628.0 -1.0 -1.0 -1.0 -1.0 -1.0 -1.0 -1.0 -1.0 -1.0 -1.0 29.0 29.0 3000.0
9 matrix1_2000_0.9.txt matrix2_2000_0.9.txt 123509.0 7 0.0 0.0 0.0 0.0 0.13475166666666666 0.0 0.0 7.8628 5.75 29.0 29.0 4000.0
10 matrix1_4000_0.5.txt matrix2_4000_0.5.txt 12651.0 16 0.9976999999999999 0.9990199999999999 1.001 1.0018 4.19612 1.0024 10.58758 16.9777 15.41 29.0 29.0 13000.0
11 matrix1_6000_0.1.txt matrix2_6000_0.1.txt 27686.0 28 0.9231999999999999 0.99622 0.9990000000000001 1.0001 3.1276846153846156 1.0014 1.00176 28.739 31.07 29.0 29.0 29000.0
12 matrix1_4000_0.1.txt matrix2_4000_0.1.txt 10196.0 3 0.9975 0.9976499999999998 0.997875 0.9980500000000001 1.6721000000000001 1.6722750000000002 2.8857900000000005 3.6948000000000003 16.89 29.0 29.0 11500.0
13 matrix1_4000_0.9.txt matrix2_4000_0.9.txt 15191.0 11 0.8403 0.91885 0.9980249999999999 0.99995 2.782666666666667 1.00135 6.429200000000001 11.8566 15.02 16.0 16.0 14500.0
14 matrix1_8000_0.7.txt matrix2_8000_0.7.txt 59456.0 30 0.5431 0.98244 0.9986750000000001 0.99985 3.173882142857143 1.001525 2.6918900000000043 29.4573 52.82 29.0 29.0 63000.0
15 matrix1_6000_0.7.txt matrix2_6000_0.7.txt 32511.0 21 0.6445000000000001 0.9971800000000001 0.99795 0.9991 2.355046666666667 1.0003 1.00236 21.69 37.32 29.0 29.0 35000.0
16 matrix1_2000_0.3.txt matrix2_2000_0.3.txt 2275.0 -1.0 -1.0 -1.0 -1.0 -1.0 -1.0 -1.0 -1.0 -1.0 -1.0 29.0 29.0 3000.0
17 matrix1_2000_0.5.txt matrix2_2000_0.5.txt 2574.0 -1.0 -1.0 -1.0 -1.0 -1.0 -1.0 -1.0 -1.0 -1.0 -1.0 29.0 29.0 4000.0
18 matrix1_8000_0.5.txt matrix2_8000_0.5.txt 52601.0 28 0.6765000000000001 0.9824200000000001 0.998 0.9994 3.100548 1.0009000000000001 1.00346 28.8104 53.22 29.0 29.0 60000.0
19 matrix1_6000_0.9.txt matrix2_6000_0.9.txt 34992.0 7 0.6578 0.9296000000000001 0.9988750000000001 1.0004 1.7167500000000002 1.000825 3.6544 7.6409 37.43 29.0 29.0 36000.0
20 matrix1_8000_0.3.txt matrix2_8000_0.3.txt 49254.0 28 0.6718000000000001 0.9973400000000001 0.9984999999999999 0.9995999999999999 2.405626086956522 1.0008 1.0021 28.4275 53.33 29.0 29.0 54000.0
21 matrix1_2000_0.7.txt matrix2_2000_0.7.txt 2962.0 6 6.492100000000001 6.492100000000001 6.492100000000001 6.492100000000001 6.492100000000001 6.492100000000001 6.492100000000001 6.492100000000001 17.12 29.0 29.0 4000.0
22 matrix1_8000_0.1.txt matrix2_8000_0.1.txt 43638.0 28 0.9235 0.99689 0.9978 0.9986499999999999 3.1924849999999996 1.001125 2.6055900000000225 28.9127 53.44 29.0 29.0 47000.0
23 matrix1_4000_0.3.txt matrix2_4000_0.3.txt 10144.0 19 0.9994 0.9996100000000001 0.9999250000000001 1.0002000000000002 5.641650000000001 5.641925 13.996850000000004 19.5668 23.59 29.0 29.0 12500.0
24 matrix1_6000_0.5.txt matrix2_6000_0.5.txt 30125.0 17 0.617 0.99803 0.9989500000000001 0.99965 2.1640357142857143 1.000775 1.00178 17.6823 37.54 29.0 29.0 33500.0
25 matrix1_8000_0.9.txt matrix2_8000_0.9.txt 61433.0 28 0.6576000000000001 0.94486 0.9987999999999999 0.9997 1.9491344827586206 1.0008 1.0025199999999999 28.4114 53.97 29.0 29.0 63000.0
26 matrix1_4000_0.7.txt matrix2_4000_0.7.txt 12517.0 15 0.998 0.9986400000000001 0.9995999999999999 0.9997 3.8034000000000003 1.0027 9.411280000000001 15.017000000000001 23.58 29.0 29.0 14000.0
27 matrix1_6000_0.3.txt matrix2_6000_0.3.txt 31252.0 21 0.7001000000000001 0.9684499999999998 0.9992000000000002 1.0002 2.852714285714286 1.00115 5.234120000000007 21.230999999999998 31.07 21.0 21.0 31000.0
28 matrix1_2000_0.1.txt matrix2_2000_0.1.txt 122909.0 0 0.0 0.0 0.0 0.0 0.011615254237288136 0.0 0.0 0.6853 3.19 29.0 29.0 3000.0
29 matrix1_2000_0.9.txt matrix2_2000_0.9.txt 3190.0 8 8.6598 8.6598 8.6598 8.6598 8.6598 8.6598 8.6598 8.6598 6.12 29.0 29.0 4000.0
30 matrix1_4000_0.5.txt matrix2_4000_0.5.txt 13065.0 30 0.9987 0.9990600000000001 0.9995999999999999 1.0002 6.669300000000001 1.0022 18.008360000000003 29.3458 15.4 29.0 29.0 13000.0
31 matrix1_6000_0.1.txt matrix2_6000_0.1.txt 27553.0 28 0.9982 0.99893 0.9994250000000001 1.0000499999999999 3.6679583333333334 1.0005249999999999 5.012170000000001 28.5604 31.08 29.0 29.0 29000.0
32 matrix1_4000_0.1.txt matrix2_4000_0.1.txt 10157.0 9 0.9813 0.98577 0.992475 0.9984000000000001 2.9991250000000003 3.0050499999999998 6.613060000000003 9.0184 16.93 29.0 29.0 11500.0
33 matrix1_4000_0.9.txt matrix2_4000_0.9.txt 14958.0 19 0.9468000000000001 0.9725499999999999 0.9985250000000001 0.9999000000000001 4.0033666666666665 1.00225 10.03765 19.0725 14.99 19.0 19.0 14500.0
34 matrix1_8000_0.7.txt matrix2_8000_0.7.txt 63903.0 30 0.5194 0.98836 0.9982249999999999 0.9997 3.729333333333333 1.0012999999999999 3.5667600000000363 29.721999999999998 52.76 29.0 29.0 63000.0
35 matrix1_6000_0.7.txt matrix2_6000_0.7.txt 154363.0 30 0.0 0.0 0.0 0.0 0.5912266666666667 0.0 0.99946 29.3575 37.3 29.0 29.0 35000.0
36 matrix1_2000_0.3.txt matrix2_2000_0.3.txt 2505.0 -1.0 -1.0 -1.0 -1.0 -1.0 -1.0 -1.0 -1.0 -1.0 -1.0 29.0 29.0 3000.0
37 matrix1_2000_0.5.txt matrix2_2000_0.5.txt 2688.0 -1.0 -1.0 -1.0 -1.0 -1.0 -1.0 -1.0 -1.0 -1.0 -1.0 29.0 29.0 4000.0
38 matrix1_8000_0.5.txt matrix2_8000_0.5.txt 56673.0 28 0.5526 0.9915999999999999 0.9969499999999999 0.9986 2.7834222222222222 1.00085 1.00248 28.5152 53.18 29.0 29.0 60000.0
39 matrix1_6000_0.9.txt matrix2_6000_0.9.txt 36579.0 31 0.5594 0.9205600000000002 0.9969 0.9981 2.7059470588235297 1.0001 1.00214 30.65 37.49 29.0 29.0 36000.0
40 matrix1_8000_0.3.txt matrix2_8000_0.3.txt 51764.0 30 0.5525 0.9970300000000001 0.997975 0.9993000000000001 2.6476416666666664 1.0007499999999998 1.00229 29.882399999999997 53.43 29.0 29.0 54000.0
41 matrix1_2000_0.7.txt matrix2_2000_0.7.txt 3159.0 1 1.0015 1.0015 1.0015 1.0015 1.0015 1.0015 1.0015 1.0015 17.21 29.0 29.0 4000.0
42 matrix1_8000_0.1.txt matrix2_8000_0.1.txt 45885.0 18 0.7012999999999999 0.99539 0.9983749999999999 0.9992 2.40992 1.0003 2.129860000000016 18.2521 53.53 29.0 29.0 47000.0
43 matrix1_4000_0.3.txt matrix2_4000_0.3.txt 10768.0 4 0.9212 0.95184 0.9978 0.9979 1.7163400000000002 0.9998999999999999 3.1989000000000005 4.6649 23.7 29.0 29.0 12500.0
44 matrix1_6000_0.5.txt matrix2_6000_0.5.txt 31418.0 13 0.7916 0.9978199999999999 0.9991 0.9995499999999999 1.8934285714285715 1.0001 1.00072 13.7224 37.65 29.0 29.0 33500.0
45 matrix1_8000_0.9.txt matrix2_8000_0.9.txt 65313.0 28 0.5498 0.6575700000000001 0.998275 1.0 2.50644375 1.001525 1.00244 28.796799999999998 54.05 29.0 29.0 63000.0
46 matrix1_4000_0.7.txt matrix2_4000_0.7.txt 13114.0 17 0.9994 0.9998400000000001 1.0005 1.0006 4.35916 1.0014 11.076900000000002 17.7939 23.74 29.0 29.0 14000.0
47 matrix1_6000_0.3.txt matrix2_6000_0.3.txt 28818.0 17 0.7715000000000001 0.98432 0.9982 0.9993000000000001 2.259330769230769 1.0017 1.0025 17.6176 37.89 29.0 29.0 31000.0
48 matrix1_2000_0.1.txt matrix2_2000_0.1.txt 1973.0 -1.0 -1.0 -1.0 -1.0 -1.0 -1.0 -1.0 -1.0 -1.0 -1.0 29.0 29.0 3000.0
49 matrix1_2000_0.9.txt matrix2_2000_0.9.txt 3329.0 1 1.0008 1.0008 1.0008 1.0008 1.0008 1.0008 1.0008 1.0008 17.68 29.0 29.0 4000.0
50 matrix1_4000_0.5.txt matrix2_4000_0.5.txt 12175.0 17 0.9982 0.99844 0.9987999999999999 1.0 4.26116 1.0016 10.784960000000003 17.3072 23.5 29.0 29.0 13000.0
51 matrix1_6000_0.1.txt matrix2_6000_0.1.txt 25321.0 23 0.9982 0.9984000000000001 0.9997 1.0001 3.051172727272728 1.00115 1.0019 23.561799999999998 37.92 29.0 29.0 29000.0
52 matrix1_4000_0.1.txt matrix2_4000_0.1.txt 9423.0 17 0.9976999999999999 0.9977800000000001 0.9978999999999999 0.9981 6.591266666666667 9.38805 14.42202 17.778 23.79 29.0 29.0 11500.0
53 matrix1_4000_0.9.txt matrix2_4000_0.9.txt 14136.0 19 0.6234000000000001 0.81025 0.997525 0.99905 4.05135 1.0014 10.34475 19.6874 23.56 29.0 29.0 14500.0
54 matrix1_8000_0.7.txt matrix2_8000_0.7.txt 60675.0 28 0.6088 0.92738 0.9986 1.0001 2.8724758620689648 1.0012999999999999 1.00208 28.7489 53.78 29.0 29.0 63000.0
55 matrix1_6000_0.7.txt matrix2_6000_0.7.txt 34425.0 22 0.5292 0.9973000000000001 0.9990000000000001 0.9999000000000001 3.0568437500000005 1.0007249999999999 6.78775 22.8104 31.28 23.0 23.0 35000.0
56 matrix1_2000_0.3.txt matrix2_2000_0.3.txt 2892.0 -1.0 -1.0 -1.0 -1.0 -1.0 -1.0 -1.0 -1.0 -1.0 -1.0 29.0 29.0 3000.0
57 matrix1_2000_0.5.txt matrix2_2000_0.5.txt 2886.0 6 6.6502 6.6502 6.6502 6.6502 6.6502 6.6502 6.6502 6.6502 5.94 29.0 29.0 4000.0
58 matrix1_8000_0.5.txt matrix2_8000_0.5.txt 57510.0 28 0.5257000000000001 0.9934999999999999 0.9990000000000001 0.9998999999999999 3.023037037037037 1.00115 1.00298 28.755100000000002 52.74 29.0 29.0 60000.0
59 matrix1_6000_0.9.txt matrix2_6000_0.9.txt 36701.0 28 0.5275 0.85396 0.9981 1.0003 2.5775647058823536 1.0015 1.03766 28.562399999999997 37.08 29.0 29.0 36000.0
60 matrix1_8000_0.3.txt matrix2_8000_0.3.txt 51701.0 31 0.5442 0.99803 0.9991749999999999 1.00095 3.9090541666666665 1.002225 9.18635999999999 30.5443 52.75 30.0 30.0 54000.0
61 matrix1_2000_0.7.txt matrix2_2000_0.7.txt 3584.0 7 7.992000000000001 7.992000000000001 7.992000000000001 7.992000000000001 7.992000000000001 7.992000000000001 7.992000000000001 7.992000000000001 5.15 29.0 29.0 4000.0
62 matrix1_8000_0.1.txt matrix2_8000_0.1.txt 47862.0 29 0.9965999999999999 0.99785 0.9994 1.0001 3.6332999999999998 1.0014500000000002 2.765380000000005 29.2058 52.45 29.0 29.0 47000.0
63 matrix1_4000_0.3.txt matrix2_4000_0.3.txt 10395.0 11 1.0001 1.0001900000000001 1.000325 1.00105 3.55925 3.559975 8.164870000000002 11.2348 16.61 29.0 29.0 12500.0
64 matrix1_6000_0.5.txt matrix2_6000_0.5.txt 32860.0 28 0.5413 0.99476 0.9977000000000001 1.0004 2.81516 1.0015 1.00276 28.69 37.0 29.0 29.0 33500.0
65 matrix1_8000_0.9.txt matrix2_8000_0.9.txt 65294.0 29 0.5654 0.9226400000000001 0.9984999999999999 0.9995 2.8828758620689654 1.0006 1.00196 29.1371 53.6 29.0 29.0 63000.0
66 matrix1_4000_0.7.txt matrix2_4000_0.7.txt 133241.0 6 0.0 0.0 0.0 0.0 0.173721875 0.0 0.0 6.8021 23.78 29.0 29.0 14000.0
67 matrix1_6000_0.3.txt matrix2_6000_0.3.txt 28779.0 28 0.5745 0.9399700000000002 0.9975 0.9991 2.9614357142857144 1.001525 1.00198 28.974899999999998 37.74 29.0 29.0 31000.0
68 matrix1_2000_0.1.txt matrix2_2000_0.1.txt 1987.0 -1.0 -1.0 -1.0 -1.0 -1.0 -1.0 -1.0 -1.0 -1.0 -1.0 29.0 29.0 3000.0
69 matrix1_2000_0.9.txt matrix2_2000_0.9.txt 3202.0 -1.0 -1.0 -1.0 -1.0 -1.0 -1.0 -1.0 -1.0 -1.0 -1.0 29.0 29.0 4000.0
70 matrix1_4000_0.5.txt matrix2_4000_0.5.txt 11808.0 20 0.9742000000000001 0.98444 0.9998 1.0006 4.92 1.0021 12.774820000000002 20.6233 23.6 29.0 29.0 13000.0
71 matrix1_6000_0.1.txt matrix2_6000_0.1.txt 25489.0 30 0.9670000000000001 0.99762 0.9991500000000001 0.99985 3.406633333333333 1.000825 1.00108 29.9144 37.85 29.0 29.0 29000.0
72 matrix1_4000_0.1.txt matrix2_4000_0.1.txt 9191.0 15 0.9965 0.9966600000000001 0.9969 0.9973000000000001 5.672000000000001 8.00975 12.21722 15.0222 23.76 29.0 29.0 11500.0
73 matrix1_4000_0.9.txt matrix2_4000_0.9.txt 13631.0 21 0.7765000000000001 0.8868 0.9975999999999999 0.9997999999999999 4.458466666666667 1.0005 11.488800000000001 21.9771 23.77 29.0 29.0 14500.0
74 matrix1_8000_0.7.txt matrix2_8000_0.7.txt 58062.0 38 0.5078 0.99646 0.9981 0.9998999999999999 3.3381559999999997 1.0007 1.0022 38.1621 52.81 38.0 38.0 63000.0
75 matrix1_6000_0.7.txt matrix2_6000_0.7.txt 33355.0 37 0.6472 0.99724 0.9984000000000001 0.9991 3.3912866666666663 1.00065 1.00204 37.2285 31.31 39.0 39.0 35000.0
76 matrix1_2000_0.3.txt matrix2_2000_0.3.txt 3048.0 -1.0 -1.0 -1.0 -1.0 -1.0 -1.0 -1.0 -1.0 -1.0 -1.0 29.0 29.0 3000.0
77 matrix1_2000_0.5.txt matrix2_2000_0.5.txt 2935.0 1 1.0 1.0 1.0 1.0 1.0 1.0 1.0 1.0 4.63 29.0 29.0 4000.0
78 matrix1_8000_0.5.txt matrix2_8000_0.5.txt 58932.0 28 0.5550999999999999 0.9894799999999999 0.9982500000000001 0.9998999999999999 2.9312071428571427 1.0012999999999999 1.00227 28.5486 52.72 29.0 29.0 60000.0
79 matrix1_6000_0.9.txt matrix2_6000_0.9.txt 36253.0 38 0.5448 0.997 0.9983749999999999 0.9991 3.3321562500000006 1.0003250000000001 1.00145 38.780300000000004 31.3 39.0 39.0 36000.0
80 matrix1_8000_0.3.txt matrix2_8000_0.3.txt 50034.0 30 0.5806 0.9979200000000001 0.9984999999999999 0.9995 3.4097739130434785 1.0008 1.00268 29.339699999999997 52.76 29.0 29.0 54000.0
81 matrix1_2000_0.7.txt matrix2_2000_0.7.txt 2858.0 6 6.8425 6.8425 6.8425 6.8425 6.8425 6.8425 6.8425 6.8425 16.9 29.0 29.0 4000.0
82 matrix1_8000_0.1.txt matrix2_8000_0.1.txt 43129.0 30 0.9968 0.9975700000000001 0.9992 0.9997499999999999 3.4595249999999997 1.0012 3.0910300000000297 29.3099 52.76 29.0 29.0 47000.0
83 matrix1_4000_0.3.txt matrix2_4000_0.3.txt 9922.0 19 1.0004 1.00052 1.0007000000000001 1.00095 5.624075 5.624325 13.946130000000004 19.494 19.94 29.0 29.0 12500.0
84 matrix1_6000_0.5.txt matrix2_6000_0.5.txt 29776.0 14 0.7189 0.9964600000000001 0.9967 0.9984000000000001 2.0081307692307693 1.0005 1.00136 14.4005 37.22 29.0 29.0 33500.0
85 matrix1_8000_0.9.txt matrix2_8000_0.9.txt 65574.0 38 0.7056999999999999 0.997 0.99815 0.9998999999999999 3.355877419354838 1.0014500000000002 1.0024 38.2658 53.15 38.0 38.0 63000.0
86 matrix1_4000_0.7.txt matrix2_4000_0.7.txt 13457.0 9 0.9968 0.9972 0.9978 0.9983 2.71742 0.9989 6.156740000000001 9.5953 15.41 29.0 29.0 14000.0
87 matrix1_6000_0.3.txt matrix2_6000_0.3.txt 29892.0 29 0.6086 0.99796 0.9988250000000001 1.0003 2.9923785714285716 1.00145 1.0020000000000002 29.2835 31.13 29.0 29.0 31000.0
88 matrix1_2000_0.1.txt matrix2_2000_0.1.txt 1953.0 -1.0 -1.0 -1.0 -1.0 -1.0 -1.0 -1.0 -1.0 -1.0 -1.0 29.0 29.0 3000.0
89 matrix1_2000_0.9.txt matrix2_2000_0.9.txt 3258.0 7 7.0931 7.0931 7.0931 7.0931 7.0931 7.0931 7.0931 7.0931 10.84 29.0 29.0 4000.0
90 matrix1_4000_0.5.txt matrix2_4000_0.5.txt 132110.0 23 0.0 0.0 0.0 0.0 0.44129682539682547 0.0 0.0 23.8142 16.87 29.0 29.0 13000.0
91 matrix1_6000_0.1.txt matrix2_6000_0.1.txt 146010.0 29 0.0 0.0 0.0 0.0 0.6727785714285716 0.0 0.9997400000000001 29.0961 31.05 30.0 30.0 29000.0
92 matrix1_4000_0.1.txt matrix2_4000_0.1.txt 9786.0 12 0.9983 0.99893 0.999875 1.0006 3.997475 3.9981999999999998 9.393520000000002 12.9904 15.17 29.0 29.0 11500.0
93 matrix1_4000_0.9.txt matrix2_4000_0.9.txt 14063.0 1 0.9878 0.99235 0.99715 0.99845 0.9970833333333333 0.9997499999999999 1.00045 1.0009000000000001 15.25 29.0 29.0 14500.0
94 matrix1_8000_0.7.txt matrix2_8000_0.7.txt 59867.0 39 0.5625 0.99713 0.9985749999999999 0.9998 3.491364285714285 1.00135 1.00179 38.4134 52.78 38.0 38.0 63000.0
95 matrix1_6000_0.7.txt matrix2_6000_0.7.txt 33694.0 38 0.5811 0.9983799999999999 0.9987999999999999 1.0011 3.4978133333333328 1.0019 1.0023 38.8787 31.28 39.0 39.0 35000.0
96 matrix1_2000_0.3.txt matrix2_2000_0.3.txt 2933.0 -1.0 -1.0 -1.0 -1.0 -1.0 -1.0 -1.0 -1.0 -1.0 -1.0 29.0 29.0 3000.0
97 matrix1_2000_0.5.txt matrix2_2000_0.5.txt 2721.0 6 6.9811000000000005 6.9811000000000005 6.9811000000000005 6.9811000000000005 6.9811000000000005 6.9811000000000005 6.9811000000000005 6.9811000000000005 5.31 29.0 29.0 4000.0
98 matrix1_8000_0.5.txt matrix2_8000_0.5.txt 57312.0 29 0.5943 0.9929399999999999 0.99815 0.9993000000000001 3.248 1.00035 3.088100000000011 29.2071 52.82 29.0 29.0 60000.0
99 matrix1_6000_0.9.txt matrix2_6000_0.9.txt 36331.0 38 0.5616 0.9975 0.9987 0.9993000000000001 3.4807533333333334 1.0000499999999999 1.0021600000000002 38.6565 31.28 39.0 39.0 36000.0
100 matrix1_8000_0.3.txt matrix2_8000_0.3.txt 172560.0 30 0.0 0.0 0.0 0.0 1.1938373493975905 0.9969499999999999 1.00066 30.9902 52.73 31.0 31.0 54000.0
101 matrix1_2000_0.7.txt matrix2_2000_0.7.txt 3600.0 8 8.1953 8.1953 8.1953 8.1953 8.1953 8.1953 8.1953 8.1953 5.17 29.0 29.0 4000.0
102 matrix1_8000_0.1.txt matrix2_8000_0.1.txt 46512.0 30 0.9642000000000001 0.9982 0.9995 1.0007 3.676971428571428 1.002 1.0034999999999998 29.839699999999997 52.46 29.0 29.0 47000.0
103 matrix1_4000_0.3.txt matrix2_4000_0.3.txt 130862.0 15 0.0 0.0 0.0 0.0 0.29074285714285714 0.0 0.0 15.038800000000002 16.61 29.0 29.0 12500.0
104 matrix1_6000_0.5.txt matrix2_6000_0.5.txt 31737.0 28 0.5515 0.99708 0.9976 0.9989 2.8043400000000003 0.99985 1.00232 28.526500000000002 36.95 29.0 29.0 33500.0
105 matrix1_8000_0.9.txt matrix2_8000_0.9.txt 66053.0 40 0.5586 0.9961 0.998 1.0002 3.096851612903225 1.0012 1.0021 39.4464 53.15 39.0 39.0 63000.0
106 matrix1_4000_0.7.txt matrix2_4000_0.7.txt 13334.0 6 0.9971 0.9974599999999999 0.998 0.9993000000000001 2.14362 1.0017 4.433880000000001 6.722 15.42 29.0 29.0 14000.0
107 matrix1_6000_0.3.txt matrix2_6000_0.3.txt 27959.0 21 0.6099 0.9976999999999999 0.9986 0.9994 3.596846153846153 1.001 11.74744000000001 21.7194 31.05 29.0 29.0 31000.0
108 matrix1_2000_0.1.txt matrix2_2000_0.1.txt 1917.0 -1.0 -1.0 -1.0 -1.0 -1.0 -1.0 -1.0 -1.0 -1.0 -1.0 29.0 29.0 3000.0
109 matrix1_2000_0.9.txt matrix2_2000_0.9.txt 3121.0 6 6.5302999999999995 6.5302999999999995 6.5302999999999995 6.5302999999999995 6.5302999999999995 6.5302999999999995 6.5302999999999995 6.5302999999999995 10.88 29.0 29.0 4000.0
110 matrix1_4000_0.5.txt matrix2_4000_0.5.txt 11576.0 12 0.9986 0.99866 0.99875 1.0001 3.7947 3.79605 8.826420000000002 12.18 19.88 29.0 29.0 13000.0
111 matrix1_6000_0.1.txt matrix2_6000_0.1.txt 27921.0 29 0.9976 0.9978100000000001 0.9987999999999999 0.9997499999999999 3.3803333333333336 1.001325 1.0014 29.568 31.03 30.0 30.0 29000.0
112 matrix1_4000_0.1.txt matrix2_4000_0.1.txt 9736.0 9 0.9968 0.99728 0.998 0.9984999999999999 3.021925 3.022425 6.665310000000002 9.0939 15.16 29.0 29.0 11500.0
113 matrix1_4000_0.9.txt matrix2_4000_0.9.txt 13968.0 6 0.9967 0.9980600000000002 1.0001 1.0007 2.14842 1.0009000000000001 4.446580000000001 6.7437000000000005 15.11 29.0 29.0 14500.0
114 matrix1_8000_0.7.txt matrix2_8000_0.7.txt 62004.0 40 0.5583 0.9976599999999999 0.9983 0.9998999999999999 3.3539551724137935 1.001 1.00224 39.7041 52.77 39.0 39.0 63000.0
115 matrix1_6000_0.7.txt matrix2_6000_0.7.txt 34575.0 39 0.5593 0.9982 0.9985749999999999 1.0006 3.36389375 1.0022 1.003 39.255300000000005 37.35 39.0 39.0 35000.0
116 matrix1_2000_0.3.txt matrix2_2000_0.3.txt 2973.0 -1.0 -1.0 -1.0 -1.0 -1.0 -1.0 -1.0 -1.0 -1.0 -1.0 29.0 29.0 3000.0
117 matrix1_2000_0.5.txt matrix2_2000_0.5.txt 2746.0 7 7.637899999999999 7.637899999999999 7.637899999999999 7.637899999999999 7.637899999999999 7.637899999999999 7.637899999999999 7.637899999999999 5.91 29.0 29.0 4000.0
118 matrix1_8000_0.5.txt matrix2_8000_0.5.txt 58137.0 30 0.5834 0.9913400000000001 0.998 0.9995 3.204203703703704 1.0007499999999998 2.503940000000008 29.5129 52.75 29.0 29.0 60000.0
119 matrix1_6000_0.9.txt matrix2_6000_0.9.txt 34725.0 23 0.672 0.99715 0.9981749999999999 1.0002000000000002 2.6427125 1.001275 2.95755 23.704 31.32 39.0 39.0 36000.0
120 matrix1_8000_0.3.txt matrix2_8000_0.3.txt 54496.0 30 0.5744 0.998 0.9990000000000001 1.0003 3.7157039999999997 1.0014 6.416760000000013 30.887199999999996 52.74 31.0 31.0 54000.0
121 matrix1_2000_0.7.txt matrix2_2000_0.7.txt 3653.0 7 7.8004999999999995 7.8004999999999995 7.8004999999999995 7.8004999999999995 7.8004999999999995 7.8004999999999995 7.8004999999999995 7.8004999999999995 5.16 29.0 29.0 4000.0
122 matrix1_8000_0.1.txt matrix2_8000_0.1.txt 46787.0 31 0.6706 0.99708 0.998125 1.0 4.147722727272727 1.0012999999999999 11.213390000000025 30.854200000000002 52.51 30.0 30.0 47000.0
123 matrix1_4000_0.3.txt matrix2_4000_0.3.txt 11575.0 3 0.9975 0.99756 0.99765 0.9987 1.5385250000000001 1.539575 2.5113500000000006 3.1592000000000002 15.37 29.0 29.0 12500.0
124 matrix1_6000_0.5.txt matrix2_6000_0.5.txt 33249.0 28 0.9868000000000001 0.9974 0.9987999999999999 0.9995 2.8393400000000004 1.0014 1.00188 28.605500000000003 31.26 29.0 29.0 33500.0
125 matrix1_8000_0.9.txt matrix2_8000_0.9.txt 65249.0 38 0.6605 0.9965999999999999 0.99815 0.9995 3.405783870967742 1.00065 1.002 38.9571 53.16 39.0 39.0 63000.0
126 matrix1_4000_0.7.txt matrix2_4000_0.7.txt 13047.0 17 0.9965 0.9973400000000001 0.9986 1.0002 4.27118 1.0026000000000002 10.815840000000001 17.358 15.42 29.0 29.0 14000.0
127 matrix1_6000_0.3.txt matrix2_6000_0.3.txt 27780.0 29 0.8216 0.9967 0.9975 0.9986 3.158946153846154 1.0022 1.0296399999999999 29.2134 31.13 29.0 29.0 31000.0
