0 matrix1_8000_0.3.txt matrix2_8000_0.3.txt 51092.0 31 0.5652 0.99669 0.9975750000000001 0.9999000000000001 4.186704166666667 1.001725 13.672369999999987 30.423000000000002 52.74 30.0 1.0 54000.0
1 matrix1_2000_0.7.txt matrix2_2000_0.7.txt 3049.0 6 6.8261 6.8261 6.8261 6.8261 6.8261 6.8261 6.8261 6.8261 16.87 30.0 31.0 4000.0
2 matrix1_8000_0.1.txt matrix2_8000_0.1.txt 46676.0 30 0.9528 0.9969499999999999 0.99855 1.0006 3.935168181818181 1.001775 6.825090000000014 30.094499999999996 52.74 30.0 6.0 47000.0
3 matrix1_4000_0.3.txt matrix2_4000_0.3.txt 10632.0 18 0.9742000000000001 0.98119 0.9916750000000001 0.9995 5.4498750000000005 5.4577 13.478860000000005 18.8263 22.93 30.0 31.0 12500.0
4 matrix1_6000_0.5.txt matrix2_6000_0.5.txt 30793.0 18 0.5594 0.9972 0.9979 1.00065 2.1923 1.00155 1.00218 18.133399999999998 37.18 30.0 30.0 33500.0
5 matrix1_8000_0.9.txt matrix2_8000_0.9.txt 185741.0 30 0.0 0.0 0.0 0.0 1.0158956043956047 0.9982 1.0011 30.0196 53.14 30.0 30.0 63000.0
6 matrix1_4000_0.7.txt matrix2_4000_0.7.txt 13696.0 5 0.9973000000000001 0.99762 0.9981 0.9997 2.04676 2.1237 3.91848 5.115 15.38 18.0 18.0 14000.0
7 matrix1_6000_0.3.txt matrix2_6000_0.3.txt 30584.0 19 0.9412999999999999 0.9987299999999999 0.9997 1.0008 3.495950000000001 1.0022 12.905670000000018 18.988 31.14 18.0 18.0 31000.0
8 matrix1_2000_0.1.txt matrix2_2000_0.1.txt 2678.0 -1.0 -1.0 -1.0 -1.0 -1.0 -1.0 -1.0 -1.0 -1.0 -1.0 30.0 30.0 3000.0
9 matrix1_2000_0.9.txt matrix2_2000_0.9.txt 3272.0 7 7.101 7.101 7.101 7.101 7.101 7.101 7.101 7.101 5.18 30.0 30.0 4000.0
10 matrix1_4000_0.5.txt matrix2_4000_0.5.txt 12848.0 17 0.9987 0.9991 0.9997 1.0 4.351139999999999 1.0006 11.054260000000001 17.756700000000002 15.38 18.0 18.0 13000.0
11 matrix1_6000_0.1.txt matrix2_6000_0.1.txt 28758.0 19 0.9984999999999999 0.9987400000000001 0.9995 1.0014 2.993276923076923 1.0025 5.676880000000001 19.0026 31.02 19.0 19.0 29000.0
12 matrix1_4000_0.1.txt matrix2_4000_0.1.txt 10155.0 12 0.9984999999999999 0.99895 0.9996250000000001 1.00045 3.8202249999999998 3.82105 8.897320000000002 12.281500000000001 15.18 18.0 18.0 11500.0
13 matrix1_4000_0.9.txt matrix2_4000_0.9.txt 14638.0 11 0.998 0.99895 0.9999749999999998 1.0004499999999998 2.8182166666666664 1.001075 6.455250000000001 11.9093 15.84 18.0 18.0 14500.0
14 matrix1_8000_0.7.txt matrix2_8000_0.7.txt 63004.0 29 0.5301 0.99816 0.9987999999999999 1.0 3.3292758620689655 1.0011 3.155519999999992 29.8675 52.73 30.0 30.0 63000.0
15 matrix1_6000_0.7.txt matrix2_6000_0.7.txt 36117.0 18 0.5565 0.9974599999999999 0.998 0.9997 3.065735294117647 1.0019 8.099520000000005 18.8213 31.27 19.0 19.0 35000.0
16 matrix1_2000_0.3.txt matrix2_2000_0.3.txt 3051.0 -1.0 -1.0 -1.0 -1.0 -1.0 -1.0 -1.0 -1.0 -1.0 -1.0 30.0 30.0 3000.0
17 matrix1_2000_0.5.txt matrix2_2000_0.5.txt 3194.0 -1.0 -1.0 -1.0 -1.0 -1.0 -1.0 -1.0 -1.0 -1.0 -1.0 31.0 31.0 4000.0
