0 matrix1_8000_0.3.txt matrix2_8000_0.3.txt 49877.0 31 0.6884999999999999 0.99774 0.9984000000000001 0.99945 3.9804791666666666 1.0022 10.49178999999999 30.4604 52.78 30.0 1.0 55000.0
1 matrix1_2000_0.7.txt matrix2_2000_0.7.txt 2892.0 -1.0 -1.0 -1.0 -1.0 -1.0 -1.0 -1.0 -1.0 -1.0 -1.0 30.0 31.0 5000.0
2 matrix1_8000_0.1.txt matrix2_8000_0.1.txt 42985.0 29 0.7531 0.99762 0.9981749999999999 0.9996 2.9397800000000007 1.000875 2.0161600000000144 29.9054 52.81 30.0 4.0 48000.0
3 matrix1_4000_0.3.txt matrix2_4000_0.3.txt 10090.0 1 0.9498000000000001 0.96435 0.986175 0.99995 0.987975 1.0017500000000001 1.00202 1.0022 19.95 30.0 31.0 13500.0
4 matrix1_6000_0.5.txt matrix2_6000_0.5.txt 29616.0 16 0.6855 0.99702 0.9982 0.9989 2.0897928571428572 1.0005249999999999 1.00131 16.581500000000002 30.54 30.0 4.0 34500.0
5 matrix1_8000_0.9.txt matrix2_8000_0.9.txt 65796.0 30 0.5661 0.997 0.99875 0.9998 3.443964516129032 1.0016500000000002 1.0033 29.8411 53.15 29.0 29.0 64000.0
6 matrix1_4000_0.7.txt matrix2_4000_0.7.txt 41349.0 2 0.6037 0.9469 0.9989 1.0948 1.095363157894737 1.2529 1.3003399999999998 1.4146 15.37 1.0 1.0 15000.0
7 matrix1_6000_0.3.txt matrix2_6000_0.3.txt 30763.0 15 0.6406999999999999 0.99839 0.9988250000000001 0.99965 2.9468571428571426 1.000625 10.065070000000015 15.6699 31.03 16.0 16.0 32000.0
8 matrix1_2000_0.1.txt matrix2_2000_0.1.txt 2836.0 -1.0 -1.0 -1.0 -1.0 -1.0 -1.0 -1.0 -1.0 -1.0 -1.0 29.0 29.0 4000.0
9 matrix1_2000_0.9.txt matrix2_2000_0.9.txt 4947.0 0 0.9974 0.9974 0.9974 0.9974 0.9974 0.9974 0.9974 0.9974 4.08 4.0 4.0 5000.0
10 matrix1_4000_0.5.txt matrix2_4000_0.5.txt 38824.0 1 0.7939 0.9096000000000001 0.9975749999999999 1.06415 1.0605333333333333 1.170375 1.22424 1.2539 15.32 1.0 1.0 14000.0
11 matrix1_6000_0.1.txt matrix2_6000_0.1.txt 27531.0 15 0.9965999999999999 0.9978199999999999 0.9992749999999999 1.0008 3.434958333333334 1.001425 14.078530000000008 15.6899 31.03 16.0 16.0 30000.0
12 matrix1_4000_0.1.txt matrix2_4000_0.1.txt 9144.0 1 0.9971 0.99786 0.9990000000000001 1.0009000000000001 1.2137 1.3219999999999998 1.5146600000000001 1.6431 15.2 55.0 55.0 12500.0
13 matrix1_4000_0.9.txt matrix2_4000_0.9.txt 42994.0 2 0.7101999999999999 0.99621 0.9997499999999999 1.1719499999999998 1.1401200000000002 1.2359499999999999 1.3097900000000002 1.5486000000000002 14.94 1.0 1.0 15500.0
14 matrix1_8000_0.7.txt matrix2_8000_0.7.txt 62329.0 35 0.561 0.9946200000000001 0.9979 0.9994 3.4485310344827593 1.0014 3.494699999999991 34.3502 52.78 34.0 34.0 64000.0
15 matrix1_6000_0.7.txt matrix2_6000_0.7.txt 36400.0 15 0.5622 0.99786 0.9992 1.0004 2.4483176470588237 1.0018 5.148220000000004 15.687899999999999 31.28 16.0 16.0 36000.0
16 matrix1_2000_0.3.txt matrix2_2000_0.3.txt 4522.0 3 3.5385000000000004 3.5385000000000004 3.5385000000000004 3.5385000000000004 3.5385000000000004 3.5385000000000004 3.5385000000000004 3.5385000000000004 5.16 4.0 4.0 4000.0
17 matrix1_2000_0.5.txt matrix2_2000_0.5.txt 124616.0 0 0.0 0.0 0.0 0.0 0.01687966101694915 0.0 0.0 0.9959 3.78 5.0 5.0 5000.0
