0 matrix1_8000_0.3.txt matrix2_8000_0.3.txt 52092.0 31 0.5448 0.9980500000000001 0.999875 1.00015 3.906266666666667 1.00085 9.188659999999992 30.6704 52.75 30.0 1.0 55000.0
1 matrix1_2000_0.7.txt matrix2_2000_0.7.txt 123200.0 1 0.0 0.0 0.0 0.0 0.01674406779661017 0.0 0.0 0.9879000000000001 16.87 30.0 31.0 5000.0
2 matrix1_8000_0.1.txt matrix2_8000_0.1.txt 45614.0 31 0.48969999999999997 0.99806 0.999125 0.9997499999999999 3.79705909090909 1.0017749999999999 3.6992000000000065 30.8067 52.79 30.0 31.0 48000.0
3 matrix1_4000_0.3.txt matrix2_4000_0.3.txt 10468.0 18 0.9990000000000001 0.9990899999999999 0.9992250000000001 0.9997499999999999 5.24835 5.248875000000001 12.896490000000004 17.9949 19.95 30.0 31.0 13500.0
4 matrix1_6000_0.5.txt matrix2_6000_0.5.txt 31383.0 21 0.6701 0.99727 0.998775 0.9995 3.0209214285714285 1.00125 7.107610000000009 20.9019 37.22 30.0 31.0 34500.0
5 matrix1_8000_0.9.txt matrix2_8000_0.9.txt 65482.0 31 0.5549000000000001 0.9963 0.9986499999999999 0.9998999999999999 3.2219516129032257 1.0012999999999999 1.0034999999999998 30.703699999999998 53.13 31.0 31.0 64000.0
6 matrix1_4000_0.7.txt matrix2_4000_0.7.txt 13991.0 4 0.9989 0.99945 1.0002250000000001 1.0009000000000001 1.700016666666667 2.3641750000000004 3.0997000000000003 3.3808 15.37 18.0 18.0 15000.0
7 matrix1_6000_0.3.txt matrix2_6000_0.3.txt 31210.0 22 0.9671 0.99692 0.998425 1.0001 3.017807142857143 1.002075 6.2615100000000075 21.7682 31.02 21.0 21.0 32000.0
8 matrix1_2000_0.1.txt matrix2_2000_0.1.txt 2606.0 -1.0 -1.0 -1.0 -1.0 -1.0 -1.0 -1.0 -1.0 -1.0 -1.0 31.0 31.0 4000.0
9 matrix1_2000_0.9.txt matrix2_2000_0.9.txt 3819.0 9 8.4069 8.4069 8.4069 8.4069 8.4069 8.4069 8.4069 8.4069 5.18 34.0 34.0 5000.0
10 matrix1_4000_0.5.txt matrix2_4000_0.5.txt 18664.0 4 0.9965999999999999 0.99779 1.0005499999999998 2.29105 2.41485 3.871225 3.9132100000000003 3.9928 15.4 4.0 4.0 14000.0
11 matrix1_6000_0.1.txt matrix2_6000_0.1.txt 26825.0 22 0.9982 0.9982599999999999 0.9989500000000001 1.0000499999999999 3.8990333333333336 1.0012 13.650370000000002 21.735300000000002 31.05 22.0 22.0 30000.0
12 matrix1_4000_0.1.txt matrix2_4000_0.1.txt 11186.0 12 0.9961 0.9970599999999998 0.9985 1.0 3.5275250000000007 3.5290250000000003 8.080010000000001 11.114 15.17 14.0 14.0 12500.0
13 matrix1_4000_0.9.txt matrix2_4000_0.9.txt 15125.0 7 0.5832 0.8320799999999999 0.9989 0.9998999999999999 2.2207999999999997 2.82535 5.31578 6.314 15.29 14.0 14.0 15500.0
14 matrix1_8000_0.7.txt matrix2_8000_0.7.txt 61828.0 35 0.547 0.9979799999999999 0.9984000000000001 0.9992 3.2583620689655173 1.0002 1.00196 34.8172 52.77 34.0 34.0 64000.0
15 matrix1_6000_0.7.txt matrix2_6000_0.7.txt 34059.0 22 0.5710999999999999 0.9975 0.9993000000000001 1.0002 2.521673333333333 1.0019 2.4394399999999994 21.855999999999998 31.29 22.0 22.0 36000.0
16 matrix1_2000_0.3.txt matrix2_2000_0.3.txt 3138.0 -1.0 -1.0 -1.0 -1.0 -1.0 -1.0 -1.0 -1.0 -1.0 -1.0 14.0 14.0 4000.0
17 matrix1_2000_0.5.txt matrix2_2000_0.5.txt 3352.0 8 7.1353 7.1353 7.1353 7.1353 7.1353 7.1353 7.1353 7.1353 5.13 22.0 22.0 5000.0
18 matrix1_8000_0.5.txt matrix2_8000_0.5.txt 55869.0 36 0.561 0.99685 0.9979 0.9997499999999999 3.6054153846153856 1.001 2.7953499999999996 35.5509 52.73 35.0 35.0 61000.0
19 matrix1_6000_0.9.txt matrix2_6000_0.9.txt 37339.0 22 0.5605 0.9730199999999999 0.9984000000000001 0.9991 2.7601235294117648 1.0014 5.048240000000003 21.3145 31.27 22.0 22.0 37000.0
20 matrix1_8000_0.3.txt matrix2_8000_0.3.txt 51385.0 36 0.4269 0.9976 0.998 0.9997499999999999 3.638658333333333 1.0003250000000001 1.2361199999999999 36.2545 52.71 36.0 36.0 55000.0
21 matrix1_2000_0.7.txt matrix2_2000_0.7.txt 3614.0 8 7.472300000000001 7.472300000000001 7.472300000000001 7.472300000000001 7.472300000000001 7.472300000000001 7.472300000000001 7.472300000000001 5.16 23.0 23.0 5000.0
22 matrix1_8000_0.1.txt matrix2_8000_0.1.txt 48737.0 36 0.861 0.99682 0.9991500000000001 1.0003 3.9812818181818184 1.001775 1.0022900000000001 35.8509 52.53 36.0 36.0 48000.0
23 matrix1_4000_0.3.txt matrix2_4000_0.3.txt 12088.0 11 0.9982 0.9986799999999999 0.9994 1.0 2.9201599999999996 1.0 6.76192 10.6032 15.36 14.0 14.0 13500.0
24 matrix1_6000_0.5.txt matrix2_6000_0.5.txt 32760.0 23 0.5789 0.99684 0.99785 0.9995 2.4253666666666667 1.00045 1.0048000000000001 22.807199999999998 31.25 23.0 23.0 34500.0
25 matrix1_8000_0.9.txt matrix2_8000_0.9.txt 65593.0 39 0.5495 0.9704 0.9975499999999999 0.9992 3.3542774193548386 1.0007 1.0024 38.605 53.14 38.0 38.0 64000.0
26 matrix1_4000_0.7.txt matrix2_4000_0.7.txt 14481.0 11 0.9933 0.9958 0.99855 0.9997 2.633716666666666 1.0005499999999998 5.90565 10.810599999999999 15.38 14.0 14.0 15000.0
27 matrix1_6000_0.3.txt matrix2_6000_0.3.txt 31036.0 23 0.8308 0.9984299999999999 0.9994250000000001 1.00065 3.514464285714285 1.00155 10.533460000000014 22.749699999999997 31.06 23.0 23.0 32000.0
28 matrix1_2000_0.1.txt matrix2_2000_0.1.txt 2734.0 -1.0 -1.0 -1.0 -1.0 -1.0 -1.0 -1.0 -1.0 -1.0 -1.0 14.0 14.0 4000.0
29 matrix1_2000_0.9.txt matrix2_2000_0.9.txt 3952.0 8 7.1019000000000005 7.1019000000000005 7.1019000000000005 7.1019000000000005 7.1019000000000005 7.1019000000000005 7.1019000000000005 7.1019000000000005 5.19 23.0 23.0 5000.0
30 matrix1_4000_0.5.txt matrix2_4000_0.5.txt 13404.0 14 0.9989 0.99894 0.9990000000000001 1.0008 3.52856 1.0031999999999999 8.585820000000002 13.640899999999998 15.39 14.0 14.0 14000.0
31 matrix1_6000_0.1.txt matrix2_6000_0.1.txt 28414.0 23 0.9954999999999999 0.9970800000000001 0.9997 1.0012999999999999 2.9153999999999995 1.0025 3.108000000000002 23.266199999999998 31.03 23.0 23.0 30000.0
32 matrix1_4000_0.1.txt matrix2_4000_0.1.txt 10567.0 14 0.9993000000000001 0.99945 0.999675 0.9998 4.18355 4.183675 9.914650000000002 13.7353 15.15 14.0 14.0 12500.0
33 matrix1_4000_0.9.txt matrix2_4000_0.9.txt 135044.0 9 0.0 0.0 0.0 0.0 0.2599753846153846 0.0 0.34764000000000084 8.4717 15.21 14.0 14.0 15500.0
34 matrix1_8000_0.7.txt matrix2_8000_0.7.txt 61310.0 36 0.5468999999999999 0.9843600000000001 0.9976999999999999 1.0 3.349941379310345 1.0015 1.0021799999999998 36.001799999999996 52.78 36.0 36.0 64000.0
35 matrix1_6000_0.7.txt matrix2_6000_0.7.txt 35644.0 23 0.5708 0.9979499999999999 0.9986750000000001 1.0003 3.33478125 1.001975 8.9274 22.933600000000002 31.28 23.0 23.0 36000.0
36 matrix1_2000_0.3.txt matrix2_2000_0.3.txt 3216.0 -1.0 -1.0 -1.0 -1.0 -1.0 -1.0 -1.0 -1.0 -1.0 -1.0 14.0 14.0 4000.0
37 matrix1_2000_0.5.txt matrix2_2000_0.5.txt 3042.0 2 1.0021 1.0021 1.0021 1.0021 1.0021 1.0021 1.0021 1.0021 4.54 14.0 14.0 5000.0
38 matrix1_8000_0.5.txt matrix2_8000_0.5.txt 54299.0 37 0.6805 0.9968800000000002 0.9987 0.9998999999999999 3.7986240000000002 1.001 1.0023600000000001 36.6473 52.78 36.0 36.0 61000.0
39 matrix1_6000_0.9.txt matrix2_6000_0.9.txt 37620.0 23 0.5683 0.93994 0.9983 0.9995 3.2242647058823533 1.001 7.549340000000005 23.0245 31.27 23.0 23.0 37000.0
40 matrix1_8000_0.3.txt matrix2_8000_0.3.txt 53832.0 38 0.5672 0.99822 0.9992 1.0002 3.327112 1.0011 5.399800000000011 38.043800000000005 52.72 38.0 38.0 55000.0
41 matrix1_2000_0.7.txt matrix2_2000_0.7.txt 3660.0 8 7.4593 7.4593 7.4593 7.4593 7.4593 7.4593 7.4593 7.4593 5.19 23.0 23.0 5000.0
42 matrix1_8000_0.1.txt matrix2_8000_0.1.txt 43272.0 40 0.8690000000000001 0.9971800000000001 0.9986750000000001 1.0 4.724945000000001 1.001925 4.6491400000000525 39.1618 52.54 38.0 38.0 48000.0
43 matrix1_4000_0.3.txt matrix2_4000_0.3.txt 12074.0 9 0.9994 0.99964 1.0 1.0007 2.89976 3.4265 6.213920000000001 8.0722 15.37 14.0 14.0 13500.0
44 matrix1_6000_0.5.txt matrix2_6000_0.5.txt 33129.0 23 0.5855 0.9970499999999999 0.9982499999999999 0.9997499999999999 3.4367071428571427 1.00025 9.916760000000014 22.7991 31.28 23.0 23.0 34500.0
45 matrix1_8000_0.9.txt matrix2_8000_0.9.txt 61773.0 43 0.7056 0.9323600000000001 0.9978 0.9994 3.5730379310344826 1.0004 1.002 42.578199999999995 53.16 43.0 43.0 64000.0
46 matrix1_4000_0.7.txt matrix2_4000_0.7.txt 14392.0 10 0.9776 0.9877000000000001 0.9978250000000002 0.99885 2.386916666666666 1.000475 5.1742 9.3477 15.36 14.0 14.0 15000.0
47 matrix1_6000_0.3.txt matrix2_6000_0.3.txt 29684.0 23 0.8117 0.9967800000000001 0.998 0.9993000000000001 3.20176923076923 1.0007 6.311200000000006 23.1816 31.06 23.0 23.0 32000.0
48 matrix1_2000_0.1.txt matrix2_2000_0.1.txt 2807.0 -1.0 -1.0 -1.0 -1.0 -1.0 -1.0 -1.0 -1.0 -1.0 -1.0 14.0 14.0 4000.0
49 matrix1_2000_0.9.txt matrix2_2000_0.9.txt 3898.0 2 1.0002 1.0002 1.0002 1.0002 1.0002 1.0002 1.0002 1.0002 3.3 23.0 23.0 5000.0
50 matrix1_4000_0.5.txt matrix2_4000_0.5.txt 13715.0 9 0.9986 0.9992 0.999875 1.00025 2.5487666666666664 2.02865 5.64685 8.9223 15.38 14.0 14.0 14000.0
51 matrix1_6000_0.1.txt matrix2_6000_0.1.txt 25435.0 24 0.9974 0.998 0.9983 0.9993000000000001 3.074718181818182 1.0012999999999999 1.003 23.826 31.06 23.0 23.0 30000.0
52 matrix1_4000_0.1.txt matrix2_4000_0.1.txt 10391.0 14 1.0 1.00024 1.0006 1.00085 4.21155 4.2118 9.991420000000002 13.8445 15.25 14.0 14.0 12500.0
53 matrix1_4000_0.9.txt matrix2_4000_0.9.txt 16109.0 14 0.973 0.9878199999999999 0.9988499999999999 1.0012999999999999 3.6071857142857144 3.7204999999999995 9.398440000000003 13.8373 15.34 14.0 14.0 15500.0
54 matrix1_8000_0.7.txt matrix2_8000_0.7.txt 60939.0 43 0.5309 0.9973599999999999 0.9984000000000001 0.9998999999999999 3.6639379310344835 1.001 1.00256 42.404300000000006 52.76 43.0 43.0 64000.0
55 matrix1_6000_0.7.txt matrix2_6000_0.7.txt 34571.0 23 0.5635 0.99735 0.998725 0.99995 2.36245 1.0007 1.0020499999999999 23.2396 31.24 23.0 23.0 36000.0
56 matrix1_2000_0.3.txt matrix2_2000_0.3.txt 3100.0 -1.0 -1.0 -1.0 -1.0 -1.0 -1.0 -1.0 -1.0 -1.0 -1.0 14.0 14.0 4000.0
57 matrix1_2000_0.5.txt matrix2_2000_0.5.txt 2948.0 1 0.9995 0.9995 0.9995 0.9995 0.9995 0.9995 0.9995 0.9995 4.55 14.0 14.0 5000.0
58 matrix1_8000_0.5.txt matrix2_8000_0.5.txt 55594.0 43 0.5901 0.9969499999999999 0.9975499999999999 0.9990000000000001 3.269069230769231 1.0005 1.0024000000000002 42.7372 52.72 43.0 43.0 61000.0
59 matrix1_6000_0.9.txt matrix2_6000_0.9.txt 35300.0 25 0.7192000000000001 0.9777 0.9972 0.9997 3.2648124999999997 1.00085 7.199200000000001 25.1706 31.32 25.0 25.0 37000.0
60 matrix1_8000_0.3.txt matrix2_8000_0.3.txt 48687.0 44 0.6597 0.9973200000000001 0.9976999999999999 0.9998 3.564973913043478 1.00075 1.00226 43.485200000000006 52.75 43.0 43.0 55000.0
61 matrix1_2000_0.7.txt matrix2_2000_0.7.txt 3628.0 7 6.932 6.932 6.932 6.932 6.932 6.932 6.932 6.932 5.17 23.0 23.0 5000.0
62 matrix1_8000_0.1.txt matrix2_8000_0.1.txt 45685.0 45 0.8606999999999999 0.9973000000000001 0.9984000000000001 0.9993000000000001 5.075200000000001 1.0015 1.0025 44.5056 52.52 44.0 44.0 48000.0
63 matrix1_4000_0.3.txt matrix2_4000_0.3.txt 12073.0 10 0.9986 0.99884 0.9992 1.0016 3.2538600000000004 3.7752 7.206900000000001 9.4947 15.34 14.0 14.0 13500.0
64 matrix1_6000_0.5.txt matrix2_6000_0.5.txt 32928.0 26 0.5725 0.99764 0.99985 1.0006 2.994920000000001 1.0023 4.2897599999999985 25.8638 31.28 25.0 25.0 34500.0
65 matrix1_8000_0.9.txt matrix2_8000_0.9.txt 64573.0 46 0.5748 0.86983 0.99775 0.9995 2.538692857142857 1.0008 1.00163 45.349399999999996 53.14 45.0 45.0 64000.0
66 matrix1_4000_0.7.txt matrix2_4000_0.7.txt 14421.0 7 0.9993000000000001 0.9993500000000001 0.999425 1.00105 2.7657166666666666 4.7898000000000005 6.296749999999999 6.5413 15.51 14.0 14.0 15000.0
67 matrix1_6000_0.3.txt matrix2_6000_0.3.txt 28460.0 23 0.8601000000000001 0.99736 0.9987 0.9998999999999999 3.3815999999999997 1.0008 8.347740000000007 22.9198 31.07 23.0 23.0 32000.0
68 matrix1_2000_0.1.txt matrix2_2000_0.1.txt 2740.0 -1.0 -1.0 -1.0 -1.0 -1.0 -1.0 -1.0 -1.0 -1.0 -1.0 14.0 14.0 4000.0
69 matrix1_2000_0.9.txt matrix2_2000_0.9.txt 3875.0 8 7.367000000000001 7.367000000000001 7.367000000000001 7.367000000000001 7.367000000000001 7.367000000000001 7.367000000000001 7.367000000000001 5.17 23.0 23.0 5000.0
70 matrix1_4000_0.5.txt matrix2_4000_0.5.txt 13156.0 13 0.9995 0.9997400000000001 1.0001 1.0003 3.3239199999999998 1.0027 7.97128 12.617 15.4 14.0 14.0 14000.0
71 matrix1_6000_0.1.txt matrix2_6000_0.1.txt 26156.0 25 0.9989 0.9997 0.9999250000000001 1.0003 3.0913000000000004 1.0019250000000002 2.2468200000000005 24.7057 31.02 25.0 25.0 30000.0
72 matrix1_4000_0.1.txt matrix2_4000_0.1.txt 11294.0 14 0.9965 0.99668 0.9969499999999999 0.99965 4.03795 4.040649999999999 9.509860000000002 13.155999999999999 15.16 14.0 14.0 12500.0
73 matrix1_4000_0.9.txt matrix2_4000_0.9.txt 14959.0 8 0.5788 0.8308 0.9994 1.0009000000000001 2.3819285714285714 2.9332 5.81008 7.2286 15.26 14.0 14.0 15500.0
74 matrix1_8000_0.7.txt matrix2_8000_0.7.txt 58085.0 45 0.6983 0.99724 0.9982500000000001 0.9997 4.097774074074074 1.00035 1.0027 45.2259 52.8 45.0 45.0 64000.0
75 matrix1_6000_0.7.txt matrix2_6000_0.7.txt 34770.0 26 0.5639 0.9980000000000001 0.9989500000000001 1.00045 2.5182937499999998 1.001525 1.00245 25.7252 31.26 26.0 26.0 36000.0
76 matrix1_2000_0.3.txt matrix2_2000_0.3.txt 3146.0 -1.0 -1.0 -1.0 -1.0 -1.0 -1.0 -1.0 -1.0 -1.0 -1.0 14.0 14.0 4000.0
77 matrix1_2000_0.5.txt matrix2_2000_0.5.txt 2963.0 2 1.0008 1.0008 1.0008 1.0008 1.0008 1.0008 1.0008 1.0008 4.63 14.0 14.0 5000.0
78 matrix1_8000_0.5.txt matrix2_8000_0.5.txt 56765.0 46 0.5748 0.9927799999999999 0.99815 0.9993000000000001 3.581466666666667 1.0006 1.0022799999999998 45.6858 52.82 45.0 45.0 61000.0
79 matrix1_6000_0.9.txt matrix2_6000_0.9.txt 36816.0 27 0.5831000000000001 0.9969800000000001 0.9990000000000001 0.9997 2.4708823529411763 1.0016 1.00202 26.423000000000002 31.27 26.0 26.0 37000.0
80 matrix1_8000_0.3.txt matrix2_8000_0.3.txt 50433.0 47 0.5573 0.9982599999999999 0.99885 1.0002 3.8595478260869567 1.0017 1.00284 46.366899999999994 52.74 46.0 46.0 55000.0
81 matrix1_2000_0.7.txt matrix2_2000_0.7.txt 3802.0 7 6.1487 6.1487 6.1487 6.1487 6.1487 6.1487 6.1487 6.1487 5.16 14.0 14.0 5000.0
