0 matrix1_8000_0.3.txt matrix2_8000_0.3.txt 48760.0 30 0.594 0.98706 0.9972999999999999 0.9989 3.4914739130434778 0.99995 1.00152 30.1072 52.76 30.0 1.0 54000.0
1 matrix1_2000_0.7.txt matrix2_2000_0.7.txt 2883.0 7 6.4177 6.4177 6.4177 6.4177 6.4177 6.4177 6.4177 6.4177 16.91 30.0 27.0 4000.0
2 matrix1_8000_0.1.txt matrix2_8000_0.1.txt 43199.0 30 0.9973000000000001 0.99818 0.9988750000000001 0.9994 3.1192399999999996 1.00105 2.3625600000000193 29.7941 52.78 30.0 7.0 47000.0
3 matrix1_4000_0.3.txt matrix2_4000_0.3.txt 9747.0 15 0.9964 0.9972999999999999 0.9986499999999999 1.00065 4.44295 4.44495 10.642440000000004 14.7741 16.99 30.0 28.0 12500.0
4 matrix1_6000_0.5.txt matrix2_6000_0.5.txt 30157.0 25 0.7049 0.9965199999999999 0.9979250000000001 1.0003 2.634057142857143 1.0014750000000001 1.0018099999999999 24.176199999999998 37.22 30.0 15.0 33500.0
5 matrix1_8000_0.9.txt matrix2_8000_0.9.txt 65517.0 28 0.5118 0.9959 0.9980500000000001 0.9995999999999999 3.1180516129032263 1.00125 1.0023 27.7544 53.14 28.0 28.0 63000.0
6 matrix1_4000_0.7.txt matrix2_4000_0.7.txt 14289.0 11 0.9972 0.9974500000000001 0.99785 1.0000499999999999 2.8651 2.2552000000000003 6.597799999999999 10.5226 15.38 15.0 15.0 14000.0
7 matrix1_6000_0.3.txt matrix2_6000_0.3.txt 148486.0 25 0.0 0.0 0.0 0.0 0.5965774647887323 0.0 0.9990000000000001 24.3796 31.08 25.0 25.0 31000.0
8 matrix1_2000_0.1.txt matrix2_2000_0.1.txt 3211.0 8 8 8 8 8 8 8 8 8 16.91 7.0 7.0 3000.0
9 matrix1_2000_0.9.txt matrix2_2000_0.9.txt 4063.0 1 0.9995 0.9995 0.9995 0.9995 0.9995 0.9995 0.9995 0.9995 3.98 10.0 10.0 4000.0
10 matrix1_4000_0.5.txt matrix2_4000_0.5.txt 13095.0 15 0.9974 0.9975999999999999 0.9979 0.9981 3.773 0.9983 9.323300000000001 14.873299999999999 15.38 15.0 15.0 13000.0
11 matrix1_6000_0.1.txt matrix2_6000_0.1.txt 27981.0 26 0.9975 0.99824 0.9984000000000001 1.0001 3.050953846153846 1.0015 2.4582800000000016 25.843899999999998 31.03 25.0 25.0 29000.0
12 matrix1_4000_0.1.txt matrix2_4000_0.1.txt 11157.0 16 0.9979 0.9982300000000001 0.9987250000000002 0.9993500000000001 4.585750000000001 4.586375 11.042390000000003 15.346400000000001 15.19 17.0 17.0 11500.0
13 matrix1_4000_0.9.txt matrix2_4000_0.9.txt 14906.0 8 0.6729999999999999 0.8561799999999999 0.98725 0.9965 2.132514285714285 1.9503 4.692540000000001 7.382999999999999 15.57 17.0 17.0 14500.0
14 matrix1_8000_0.7.txt matrix2_8000_0.7.txt 60337.0 41 0.5456 0.99457 0.9988250000000001 0.99965 3.315985714285715 1.0005 1.0029000000000001 40.3938 52.78 40.0 40.0 63000.0
15 matrix1_6000_0.7.txt matrix2_6000_0.7.txt 156052.0 26 0.0 0.0 0.0 0.0 0.7484053333333333 0.0 0.99956 25.5375 31.29 25.0 25.0 35000.0
16 matrix1_2000_0.3.txt matrix2_2000_0.3.txt 3281.0 8 8 8 8 8 8 8 8 8 16.91 10.0 10.0 3000.0
17 matrix1_2000_0.5.txt matrix2_2000_0.5.txt 2882.0 1 0.998 0.998 0.998 0.998 0.998 0.998 0.998 0.998 4.57 10.0 10.0 4000.0
18 matrix1_8000_0.5.txt matrix2_8000_0.5.txt 59110.0 17 0.5711999999999999 0.9968299999999999 0.99835 0.9994999999999998 3.233625 1.001 13.954670000000004 17.2941 52.77 17.0 17.0 60000.0
19 matrix1_6000_0.9.txt matrix2_6000_0.9.txt 36959.0 25 0.5323 0.9177799999999999 0.9982 1.0001 2.5867 1.0009000000000001 2.492380000000001 24.9195 31.28 25.0 25.0 36000.0
20 matrix1_8000_0.3.txt matrix2_8000_0.3.txt 58245.0 19 0.5347 0.9978199999999999 0.9981 0.9994 3.628818518518518 1.0019999999999998 16.71674 18.0051 52.73 17.0 17.0 54000.0
21 matrix1_2000_0.7.txt matrix2_2000_0.7.txt 3885.0 5 4.6774000000000004 4.6774000000000004 4.6774000000000004 4.6774000000000004 4.6774000000000004 4.6774000000000004 4.6774000000000004 4.6774000000000004 5.16 10.0 10.0 4000.0
22 matrix1_8000_0.1.txt matrix2_8000_0.1.txt 46569.0 29 0.6186 0.99772 0.9991 1.00045 3.8341818181818184 1.0015749999999999 8.500400000000019 28.5832 52.5 28.0 28.0 47000.0
23 matrix1_4000_0.3.txt matrix2_4000_0.3.txt 13668.0 5 0.2426 0.6203 0.9981749999999999 0.9997499999999999 1.8862333333333334 2.9940750000000005 4.0386500000000005 4.4188 15.39 17.0 17.0 12500.0
24 matrix1_6000_0.5.txt matrix2_6000_0.5.txt 37621.0 24 0.2026 0.20829999999999999 0.9976999999999999 0.9989 3.1874764705882352 1.0008 7.704700000000005 23.8431 31.27 25.0 25.0 33500.0
25 matrix1_8000_0.9.txt matrix2_8000_0.9.txt 75195.0 41 0.2041 0.25420000000000004 0.545175 0.9995 2.603616666666666 1.0019749999999998 1.00285 40.8272 53.22 40.0 40.0 63000.0
26 matrix1_4000_0.7.txt matrix2_4000_0.7.txt 16974.0 13 0.2213 0.32438 0.68855 0.9976999999999999 2.5204 1.00055 5.8186000000000035 13.0456 15.38 13.0 13.0 14000.0
27 matrix1_6000_0.3.txt matrix2_6000_0.3.txt 30334.0 22 0.24539999999999998 0.48929 0.997375 0.9991499999999999 2.3686571428571432 1.0005499999999998 1.0015 21.6519 31.09 64.0 64.0 31000.0
28 matrix1_2000_0.1.txt matrix2_2000_0.1.txt 3135.0 8 8 8 8 8 8 8 8 8 4.57 10.0 10.0 3000.0
29 matrix1_2000_0.9.txt matrix2_2000_0.9.txt 4988.0 7 0.5490999999999999 1.13426 2.012 3.4749 3.4749 4.9378 5.815540000000001 6.4007000000000005 6.04 10.0 10.0 4000.0
30 matrix1_4000_0.5.txt matrix2_4000_0.5.txt 14884.0 17 0.2311 0.6152000000000001 0.999325 0.9994999999999998 3.4825999999999997 0.9996749999999999 8.8331 16.6665 15.38 17.0 17.0 13000.0
31 matrix1_6000_0.1.txt matrix2_6000_0.1.txt 27446.0 26 0.2733 0.7701899999999999 0.9984000000000001 0.9994 3.0420999999999996 1.0014 1.3984800000000002 26.046599999999998 31.06 26.0 26.0 29000.0
32 matrix1_4000_0.1.txt matrix2_4000_0.1.txt 10138.0 6 0.3319 0.53122 0.8301999999999999 0.9989 1.942075 2.1107750000000003 4.107470000000001 5.4386 19.89 26.0 26.0 11500.0
33 matrix1_4000_0.9.txt matrix2_4000_0.9.txt 18003.0 7 0.2621 0.27827 0.8179249999999999 0.997 2.03415 2.0261 5.56283 6.631799999999999 15.02 11.0 11.0 14500.0
34 matrix1_8000_0.7.txt matrix2_8000_0.7.txt 71325.0 41 0.2 0.21984 0.996925 0.9992 3.1336411764705883 1.0008 1.00211 40.9705 52.82 40.0 40.0 63000.0
35 matrix1_6000_0.7.txt matrix2_6000_0.7.txt 38776.0 20 0.18510000000000001 0.21939 0.997825 1.00025 2.623738888888888 1.001275 5.11376000000001 19.6362 31.3 26.0 26.0 35000.0
36 matrix1_2000_0.3.txt matrix2_2000_0.3.txt 3767.0 6 5.9468 5.9468 5.9468 5.9468 5.9468 5.9468 5.9468 5.9468 5.18 11.0 11.0 3000.0
37 matrix1_2000_0.5.txt matrix2_2000_0.5.txt 4428.0 10 9.114700000000001 9.114700000000001 9.114700000000001 9.114700000000001 9.114700000000001 9.114700000000001 9.114700000000001 9.114700000000001 5.86 11.0 11.0 4000.0
38 matrix1_8000_0.5.txt matrix2_8000_0.5.txt 68227.0 18 0.2022 0.23620999999999998 0.9979499999999999 0.9995500000000002 2.8524406250000003 1.001075 15.021740000000033 17.6644 52.77 17.0 17.0 60000.0
39 matrix1_6000_0.9.txt matrix2_6000_0.9.txt 42257.0 30 0.2192 0.2341 0.6533 0.9986 2.302394736842105 0.99995 1.0009 29.503400000000003 31.32 29.0 29.0 36000.0
40 matrix1_8000_0.3.txt matrix2_8000_0.3.txt 53071.0 64 0.2551 0.5842200000000003 0.9995999999999999 1.0 3.4120599999999994 1.0015 1.00236 63.4261 52.74 64.0 64.0 54000.0
41 matrix1_2000_0.7.txt matrix2_2000_0.7.txt 4203.0 2 1.0009000000000001 1.0009000000000001 1.0009000000000001 1.0009000000000001 1.0009000000000001 1.0009000000000001 1.0009000000000001 1.0009000000000001 3.29 12.0 12.0 4000.0
42 matrix1_8000_0.1.txt matrix2_8000_0.1.txt 45756.0 64 0.3042 0.9965 0.9984000000000001 0.9989 3.946742857142857 1.001 1.0028 63.9547 52.53 64.0 64.0 47000.0
43 matrix1_4000_0.3.txt matrix2_4000_0.3.txt 11962.0 18 0.7916 0.87444 0.9987 0.9987 4.24986 1.0014 10.875900000000001 17.4589 15.35 25.0 25.0 12500.0
44 matrix1_6000_0.5.txt matrix2_6000_0.5.txt 34376.0 25 0.3444 0.8051999999999999 0.999775 1.0003 2.6427625 1.001525 2.78285 24.758200000000002 31.34 25.0 25.0 33500.0
45 matrix1_8000_0.9.txt matrix2_8000_0.9.txt 69240.0 64 0.2912 0.32191000000000003 0.99735 0.99905 2.8162874999999996 1.0002250000000001 1.00176 63.8529 53.22 64.0 64.0 63000.0
46 matrix1_4000_0.7.txt matrix2_4000_0.7.txt 15299.0 11 0.31989999999999996 0.6584 0.99765 0.9998999999999999 2.4762333333333335 1.0017749999999999 5.7703999999999995 10.5384 15.38 25.0 25.0 14000.0
47 matrix1_6000_0.3.txt matrix2_6000_0.3.txt 31758.0 27 0.33520000000000005 0.9376099999999999 0.9978 0.99925 2.77435 1.00115 1.00235 26.596799999999998 31.06 26.0 26.0 31000.0
48 matrix1_2000_0.1.txt matrix2_2000_0.1.txt 3010.0 8 8 8 8 8 8 8 8 8 4.57 12.0 12.0 3000.0
49 matrix1_2000_0.9.txt matrix2_2000_0.9.txt 3819.0 1 0.9091 0.9091 0.9091 0.9091 0.9091 0.9091 0.9091 0.9091 4.27 12.0 12.0 4000.0
50 matrix1_4000_0.5.txt matrix2_4000_0.5.txt 13486.0 6 0.478 0.73915 1.000525 1.0017 1.6449333333333334 1.002875 3.1939499999999996 5.3848 15.39 25.0 25.0 13000.0
51 matrix1_6000_0.1.txt matrix2_6000_0.1.txt 27468.0 26 0.3627 0.99823 0.998725 0.9995999999999999 3.0028833333333336 1.0000749999999998 1.0018 25.675900000000002 30.99 26.0 26.0 29000.0
52 matrix1_4000_0.1.txt matrix2_4000_0.1.txt 9752.0 19 0.9825 0.9872099999999999 0.9942749999999999 1.0002 5.4460500000000005 5.451975 13.461570000000004 18.8013 19.88 26.0 26.0 11500.0
53 matrix1_4000_0.9.txt matrix2_4000_0.9.txt 16037.0 4 0.33520000000000005 0.7324 0.998 0.9991 1.3102 1.0002 2.137060000000001 3.8407 15.01 25.0 25.0 14500.0
54 matrix1_8000_0.7.txt matrix2_8000_0.7.txt 62200.0 59 0.3577 0.40908 0.9973000000000001 0.9995 3.529324137931035 1.001 1.00186 58.883 52.82 64.0 64.0 63000.0
55 matrix1_6000_0.7.txt matrix2_6000_0.7.txt 38702.0 28 0.3196 0.4909200000000001 0.997625 0.9988499999999999 2.3484555555555557 1.000425 1.00169 27.0542 31.3 26.0 26.0 35000.0
56 matrix1_2000_0.3.txt matrix2_2000_0.3.txt 3464.0 6 5.885 5.885 5.885 5.885 5.885 5.885 5.885 5.885 5.16 11.0 11.0 3000.0
57 matrix1_2000_0.5.txt matrix2_2000_0.5.txt 3906.0 4 3.2029 3.2029 3.2029 3.2029 3.2029 3.2029 3.2029 3.2029 5.19 12.0 12.0 4000.0
58 matrix1_8000_0.5.txt matrix2_8000_0.5.txt 60406.0 64 0.3017 0.32476999999999995 0.997675 0.9997 3.7715535714285715 1.0009000000000001 1.00198 63.9024 52.78 64.0 64.0 60000.0
59 matrix1_6000_0.9.txt matrix2_6000_0.9.txt 40022.0 29 0.31679999999999997 0.34165 0.998125 1.0004 2.4609888888888887 1.0015749999999999 1.0027599999999999 29.2996 31.29 29.0 29.0 36000.0
60 matrix1_8000_0.3.txt matrix2_8000_0.3.txt 52305.0 58 0.2988 0.5958300000000001 0.9986750000000001 0.99995 3.742916666666667 1.001375 1.00221 57.9653 52.75 64.0 64.0 54000.0
61 matrix1_2000_0.7.txt matrix2_2000_0.7.txt 4080.0 3 2.2781000000000002 2.2781000000000002 2.2781000000000002 2.2781000000000002 2.2781000000000002 2.2781000000000002 2.2781000000000002 2.2781000000000002 4.87 12.0 12.0 4000.0
62 matrix1_8000_0.1.txt matrix2_8000_0.1.txt 45625.0 64 0.3212 0.997 0.998 0.9995999999999999 3.9416761904761906 1.0011 1.0024 63.6746 52.53 64.0 64.0 47000.0
63 matrix1_4000_0.3.txt matrix2_4000_0.3.txt 12477.0 23 0.7345999999999999 0.8395999999999999 0.9971 0.9975 5.15446 1.0 13.625860000000003 22.0431 15.37 25.0 25.0 12500.0
64 matrix1_6000_0.5.txt matrix2_6000_0.5.txt 33054.0 61 0.3005 0.61806 0.9971000000000001 0.9994 4.868219999999999 1.00065 1.0028 60.3643 31.3 64.0 64.0 33500.0
65 matrix1_8000_0.9.txt matrix2_8000_0.9.txt 67146.0 64 0.36979999999999996 0.39706 0.9973000000000001 0.9989 2.84979375 0.999925 1.00077 63.9487 53.44 64.0 64.0 63000.0
66 matrix1_4000_0.7.txt matrix2_4000_0.7.txt 14937.0 25 0.3887 0.69345 0.9984999999999999 1.0 4.822783333333334 1.0015749999999999 12.7749 24.5479 15.38 25.0 25.0 14000.0
67 matrix1_6000_0.3.txt matrix2_6000_0.3.txt 28418.0 31 0.402 0.86897 0.9974000000000001 0.9987999999999999 3.42375 1.001575 1.00234 30.8338 31.09 64.0 64.0 31000.0
68 matrix1_2000_0.1.txt matrix2_2000_0.1.txt 2969.0 8 8 8 8 8 8 8 8 8 4.57 11.0 11.0 3000.0
69 matrix1_2000_0.9.txt matrix2_2000_0.9.txt 4320.0 1 0.9993000000000001 0.9993000000000001 0.9993000000000001 0.9993000000000001 0.9993000000000001 0.9993000000000001 0.9993000000000001 0.9993000000000001 4.0 12.0 12.0 4000.0
70 matrix1_4000_0.5.txt matrix2_4000_0.5.txt 13581.0 3 0.49090000000000006 0.7367 0.9864750000000001 0.99865 1.2256666666666667 1.001375 1.94165 2.8811 15.39 25.0 25.0 13000.0
71 matrix1_6000_0.1.txt matrix2_6000_0.1.txt 28562.0 26 0.4861 0.9982599999999999 0.9992 0.9994 3.6767769230769227 1.0008 9.541440000000005 25.6386 31.04 26.0 26.0 29000.0
72 matrix1_4000_0.1.txt matrix2_4000_0.1.txt 10738.0 26 0.9983 0.9983299999999999 0.9983749999999999 0.9999000000000001 7.1751499999999995 7.176675 18.292170000000002 25.7025 19.87 26.0 26.0 11500.0
73 matrix1_4000_0.9.txt matrix2_4000_0.9.txt 15504.0 6 0.3103 0.72322 0.9991 1.0017 1.567157142857143 1.0033 2.8633000000000015 5.653300000000001 19.9 26.0 26.0 14500.0
74 matrix1_8000_0.7.txt matrix2_8000_0.7.txt 62179.0 64 0.3676 0.38433999999999996 0.9982 0.9995 3.479172413793104 1.0012999999999999 1.0022799999999998 63.953599999999994 52.82 64.0 64.0 63000.0
75 matrix1_6000_0.7.txt matrix2_6000_0.7.txt 33991.0 2 0.41979999999999995 0.545 0.997375 0.9987999999999999 0.9102687499999998 1.000775 1.00155 1.0617 37.31 64.0 64.0 35000.0
76 matrix1_2000_0.3.txt matrix2_2000_0.3.txt 3627.0 6 5.9062 5.9062 5.9062 5.9062 5.9062 5.9062 5.9062 5.9062 5.15 11.0 11.0 3000.0
77 matrix1_2000_0.5.txt matrix2_2000_0.5.txt 3779.0 6 5.4112 5.4112 5.4112 5.4112 5.4112 5.4112 5.4112 5.4112 5.18 12.0 12.0 4000.0
78 matrix1_8000_0.5.txt matrix2_8000_0.5.txt 58401.0 51 0.2959 0.48172 0.9978 0.9997 3.966666666666666 1.00105 1.00338 50.393299999999996 52.77 64.0 64.0 60000.0
79 matrix1_6000_0.9.txt matrix2_6000_0.9.txt 37317.0 32 0.44789999999999996 0.8604 0.9976 0.9993000000000001 2.7536000000000005 1.0002 1.00134 31.7188 31.29 31.0 31.0 36000.0
80 matrix1_8000_0.3.txt matrix2_8000_0.3.txt 51799.0 24 0.5449 0.9963299999999999 0.99725 0.99905 2.7950000000000004 1.00125 1.00265 23.816100000000002 52.75 64.0 64.0 54000.0
81 matrix1_2000_0.7.txt matrix2_2000_0.7.txt 3775.0 5 4.3547 4.3547 4.3547 4.3547 4.3547 4.3547 4.3547 4.3547 5.2 12.0 12.0 4000.0
82 matrix1_8000_0.1.txt matrix2_8000_0.1.txt 43783.0 64 0.6744 0.9981699999999999 0.9989250000000002 0.9997499999999999 4.1315 1.0012 1.00183 63.9571 52.52 64.0 64.0 47000.0
83 matrix1_4000_0.3.txt matrix2_4000_0.3.txt 11006.0 19 0.9989 0.99932 0.99995 1.0007 5.2865 5.28725 13.002320000000003 18.145699999999998 15.38 26.0 26.0 12500.0
84 matrix1_6000_0.5.txt matrix2_6000_0.5.txt 31186.0 61 0.5631 0.9972 0.9994 1.00065 5.227178571428571 1.002025 1.00262 60.6126 31.29 64.0 64.0 33500.0
85 matrix1_8000_0.9.txt matrix2_8000_0.9.txt 64307.0 53 0.5276 0.9859 0.9987999999999999 1.0001 3.4237225806451606 1.0016 1.0025 52.9943 53.44 64.0 64.0 63000.0
86 matrix1_4000_0.7.txt matrix2_4000_0.7.txt 13725.0 9 0.9034 0.9514 0.999575 1.00045 2.1890666666666667 1.0023 4.615349999999999 8.2279 15.38 26.0 26.0 14000.0
87 matrix1_6000_0.3.txt matrix2_6000_0.3.txt 30874.0 26 0.9964 0.99784 0.9992 0.9998 2.718364285714286 1.000425 1.00166 25.0629 31.09 26.0 26.0 31000.0
88 matrix1_2000_0.1.txt matrix2_2000_0.1.txt 2780.0 8 8 8 8 8 8 8 8 8 4.57 11.0 11.0 3000.0
89 matrix1_2000_0.9.txt matrix2_2000_0.9.txt 4124.0 1 0.9976999999999999 0.9976999999999999 0.9976999999999999 0.9976999999999999 0.9976999999999999 0.9976999999999999 0.9976999999999999 0.9976999999999999 4.07 12.0 12.0 4000.0
90 matrix1_4000_0.5.txt matrix2_4000_0.5.txt 12588.0 27 0.9991 0.9994200000000001 0.9998999999999999 1.0012 6.1222 1.0029000000000001 16.3659 26.6079 15.4 26.0 26.0 13000.0
91 matrix1_6000_0.1.txt matrix2_6000_0.1.txt 25769.0 25 0.9969 0.9976 0.9993500000000001 1.0021 4.131118181818182 1.0025 11.5638 24.874899999999997 31.12 26.0 26.0 29000.0
92 matrix1_4000_0.1.txt matrix2_4000_0.1.txt 9447.0 14 0.9975 0.9982199999999999 0.9993 0.99995 4.140625 4.141275 9.795570000000003 13.5651 16.79 26.0 26.0 11500.0
93 matrix1_4000_0.9.txt matrix2_4000_0.9.txt 13815.0 8 0.9956999999999999 0.9972999999999999 0.999175 1.00085 2.000683333333333 1.002075 4.0039 7.005599999999999 16.62 26.0 26.0 14500.0
94 matrix1_8000_0.7.txt matrix2_8000_0.7.txt 58910.0 64 0.5511 0.99751 0.997975 1.0002 3.313978571428571 1.00135 1.00254 64.06479999999999 52.8 64.0 64.0 63000.0
95 matrix1_6000_0.7.txt matrix2_6000_0.7.txt 34403.0 27 0.5637 0.99785 0.998475 0.99965 2.5917125 1.0005249999999999 1.0018500000000001 26.909899999999997 31.29 26.0 26.0 35000.0
96 matrix1_2000_0.3.txt matrix2_2000_0.3.txt 3425.0 6 5.8343 5.8343 5.8343 5.8343 5.8343 5.8343 5.8343 5.8343 5.16 11.0 11.0 3000.0
97 matrix1_2000_0.5.txt matrix2_2000_0.5.txt 3586.0 7 6.0851999999999995 6.0851999999999995 6.0851999999999995 6.0851999999999995 6.0851999999999995 6.0851999999999995 6.0851999999999995 6.0851999999999995 5.16 12.0 12.0 4000.0
98 matrix1_8000_0.5.txt matrix2_8000_0.5.txt 55744.0 64 0.5555 0.99775 0.998825 0.99965 3.389142307692308 1.001325 1.0021 63.8667 52.76 64.0 64.0 60000.0
99 matrix1_6000_0.9.txt matrix2_6000_0.9.txt 36913.0 27 0.5483 0.9425800000000001 0.9982 0.9990000000000001 2.747823529411765 1.0 2.9465400000000015 26.4527 31.29 29.0 29.0 36000.0
100 matrix1_8000_0.3.txt matrix2_8000_0.3.txt 50095.0 64 0.534 0.99884 0.9993500000000001 0.9998 4.252582608695652 1.00095 1.00226 64.0117 52.73 64.0 64.0 54000.0
