0 matrix1_8000_0.3.txt matrix2_8000_0.3.txt 52360.0 31 0.3912 0.7733800000000001 0.9968 1.0 3.3684999999999996 1.00135 1.00204 30.4375 52.77 30.0 1.0 64800.0
1 matrix1_2000_0.7.txt matrix2_2000_0.7.txt 123256.0 1 0.0 0.0 0.0 0.0 0.010791666666666666 0.0 0.0 0.6475 16.94 30.0 23.0 4800.0
2 matrix1_8000_0.1.txt matrix2_8000_0.1.txt 44659.0 30 0.34630000000000005 0.7707 0.9970500000000001 1.0001 2.888354545454545 1.00115 1.00184 29.9268 52.83 30.0 64.0 56400.0
3 matrix1_4000_0.3.txt matrix2_4000_0.3.txt 10849.0 25 0.9982 0.99877 0.9996250000000001 1.0003 6.950675 6.95135 17.66288 24.8039 22.98 30.0 23.0 15000.0
4 matrix1_6000_0.5.txt matrix2_6000_0.5.txt 32497.0 10 0.3435 0.6310000000000001 0.99795 1.0009000000000001 1.7120866666666663 1.0014 2.8856599999999992 9.8103 37.26 30.0 25.0 40200.0
5 matrix1_8000_0.9.txt matrix2_8000_0.9.txt 73437.0 24 0.30820000000000003 0.33893999999999996 0.99775 0.9995999999999999 2.7643828571428566 1.0012999999999999 1.00286 23.3174 53.14 23.0 23.0 75600.0
6 matrix1_4000_0.7.txt matrix2_4000_0.7.txt 14885.0 11 0.3447 0.6719499999999999 0.9993500000000001 1.00015 2.51025 1.0023 5.85865 10.714400000000001 15.41 25.0 25.0 16800.0
7 matrix1_6000_0.3.txt matrix2_6000_0.3.txt 33912.0 11 0.355 0.9250499999999999 0.9977250000000001 0.9987999999999999 2.7494374999999995 1.4504500000000002 9.8025 10.3926 31.12 10.0 10.0 37200.0
8 matrix1_2000_0.1.txt matrix2_2000_0.1.txt 2631.0 8 8 8 8 8 8 8 8 8 22.98 23.0 23.0 3600.0
9 matrix1_2000_0.9.txt matrix2_2000_0.9.txt 3677.0 1 0.9995 0.9995 0.9995 0.9995 0.9995 0.9995 0.9995 0.9995 5.13 23.0 23.0 4800.0
10 matrix1_4000_0.5.txt matrix2_4000_0.5.txt 14691.0 11 0.5619 0.7800999999999999 0.998375 0.9999000000000001 3.2388833333333333 4.1415999999999995 7.936649999999999 10.6849 15.4 11.0 11.0 15600.0
11 matrix1_6000_0.1.txt matrix2_6000_0.1.txt 30839.0 10 0.4771 0.99738 0.9989499999999998 1.00105 3.053285714285715 4.191425000000001 9.387400000000001 9.8994 31.01 10.0 10.0 34800.0
12 matrix1_4000_0.1.txt matrix2_4000_0.1.txt 12374.0 11 0.9987 0.99926 1.0001 1.0024 3.7928800000000003 5.2165 8.53462 10.7467 15.15 11.0 11.0 13800.0
13 matrix1_4000_0.9.txt matrix2_4000_0.9.txt 16565.0 10 0.3671 0.7445600000000002 0.9974000000000001 0.9998999999999999 2.1680571428571427 1.00175 4.526420000000003 9.8111 15.07 11.0 11.0 17400.0
14 matrix1_8000_0.7.txt matrix2_8000_0.7.txt 65310.0 23 0.297 0.4 0.9979 0.9992 2.98436129032258 1.0012999999999999 2.4262 22.903200000000002 52.83 23.0 23.0 75600.0
15 matrix1_6000_0.7.txt matrix2_6000_0.7.txt 40842.0 11 0.3204 0.6959399999999999 0.99815 0.9995999999999999 2.2825421052631576 1.0019 7.985679999999999 10.5015 31.29 10.0 10.0 42000.0
16 matrix1_2000_0.3.txt matrix2_2000_0.3.txt 3444.0 6 5.819299999999999 5.819299999999999 5.819299999999999 5.819299999999999 5.819299999999999 5.819299999999999 5.819299999999999 5.819299999999999 5.15 11.0 11.0 3600.0
17 matrix1_2000_0.5.txt matrix2_2000_0.5.txt 3316.0 8 8 8 8 8 8 8 8 8 5.15 11.0 11.0 4800.0
18 matrix1_8000_0.5.txt matrix2_8000_0.5.txt 59704.0 25 0.3614 0.8976 0.9987 0.9998999999999999 3.4197740740740743 1.0018 9.608260000000048 24.096 52.8 23.0 23.0 72000.0
19 matrix1_6000_0.9.txt matrix2_6000_0.9.txt 43541.0 12 0.32780000000000004 0.35022 0.9979 0.9989 2.442135 1.0009 6.584180000000007 11.9026 31.26 11.0 11.0 43200.0
20 matrix1_8000_0.3.txt matrix2_8000_0.3.txt 56193.0 23 0.2868 0.9283 0.9978 0.9995999999999999 3.419026923076922 1.0012999999999999 11.3352 23.1166 52.71 23.0 23.0 64800.0
21 matrix1_2000_0.7.txt matrix2_2000_0.7.txt 3998.0 3 2.7651999999999997 2.7651999999999997 2.7651999999999997 2.7651999999999997 2.7651999999999997 2.7651999999999997 2.7651999999999997 2.7651999999999997 5.17 11.0 11.0 4800.0
22 matrix1_8000_0.1.txt matrix2_8000_0.1.txt 51902.0 24 0.3471 0.98958 0.9983 0.9995499999999999 3.711125 1.00125 16.005749999999985 23.6085 52.5 23.0 23.0 56400.0
23 matrix1_4000_0.3.txt matrix2_4000_0.3.txt 13232.0 11 0.8220000000000001 0.8924000000000001 0.998 1.0021 2.9386600000000005 1.0023 6.922260000000001 10.868900000000002 15.43 11.0 11.0 15000.0
24 matrix1_6000_0.5.txt matrix2_6000_0.5.txt 37039.0 12 0.3833 0.7396100000000001 0.9974 1.0 2.618455555555555 1.00135 10.895539999999999 11.6329 31.18 11.0 11.0 40200.0
25 matrix1_8000_0.9.txt matrix2_8000_0.9.txt 73293.0 24 0.2998 0.34054 0.9975 0.9997 2.7806971428571434 1.00065 1.00282 23.6525 53.16 23.0 23.0 75600.0
26 matrix1_4000_0.7.txt matrix2_4000_0.7.txt 14957.0 11 0.4858 0.7411 0.997125 0.9998 2.5248000000000004 1.00195 5.8335 10.6645 15.4 11.0 11.0 16800.0
27 matrix1_6000_0.3.txt matrix2_6000_0.3.txt 32073.0 11 0.44310000000000005 0.99712 0.9987999999999999 0.9997 2.2969866666666667 1.00135 6.894619999999996 11.1927 31.14 11.0 11.0 37200.0
28 matrix1_2000_0.1.txt matrix2_2000_0.1.txt 2141.0 8 8 8 8 8 8 8 8 8 5.15 11.0 11.0 3600.0
29 matrix1_2000_0.9.txt matrix2_2000_0.9.txt 3745.0 4 3.0591000000000004 3.0591000000000004 3.0591000000000004 3.0591000000000004 3.0591000000000004 3.0591000000000004 3.0591000000000004 3.0591000000000004 10.88 11.0 11.0 4800.0
30 matrix1_4000_0.5.txt matrix2_4000_0.5.txt 13885.0 11 0.8545999999999999 0.9272 0.9999250000000001 1.00135 2.895 1.97935 6.75645 11.2079 19.86 11.0 11.0 15600.0
31 matrix1_6000_0.1.txt matrix2_6000_0.1.txt 28356.0 12 0.8782 0.99646 0.9991 0.9998999999999999 2.5317000000000003 1.0017 8.760140000000009 11.3375 31.16 11.0 11.0 34800.0
32 matrix1_4000_0.1.txt matrix2_4000_0.1.txt 10481.0 7 0.9978 0.9985499999999999 0.999675 3.07055 3.4909499999999998 5.561825000000002 6.319670000000001 6.8249 19.84 11.0 11.0 13800.0
33 matrix1_4000_0.9.txt matrix2_4000_0.9.txt 15921.0 12 0.5927 0.8354 0.9976999999999999 0.9997 2.7449571428571433 1.8898 6.406320000000003 11.8473 19.88 11.0 11.0 17400.0
34 matrix1_8000_0.7.txt matrix2_8000_0.7.txt 64066.0 24 0.3967 0.46366000000000007 0.9973000000000001 0.9986499999999999 2.5997133333333333 1.0001 1.5621400000000079 23.864 52.81 23.0 23.0 75600.0
35 matrix1_6000_0.7.txt matrix2_6000_0.7.txt 39815.0 12 0.36450000000000005 0.8131400000000002 0.9978999999999999 0.9995499999999999 2.602955555555556 1.0020499999999999 10.81341 11.445799999999998 31.29 11.0 11.0 42000.0
36 matrix1_2000_0.3.txt matrix2_2000_0.3.txt 2801.0 5 4.9700999999999995 4.9700999999999995 4.9700999999999995 4.9700999999999995 4.9700999999999995 4.9700999999999995 4.9700999999999995 4.9700999999999995 11.12 11.0 11.0 3600.0
37 matrix1_2000_0.5.txt matrix2_2000_0.5.txt 3072.0 8 8 8 8 8 8 8 8 8 11.12 11.0 11.0 4800.0
38 matrix1_8000_0.5.txt matrix2_8000_0.5.txt 60610.0 24 0.3161 0.6467200000000001 0.9982500000000001 0.9998999999999999 3.181988888888889 1.0018500000000001 7.816020000000036 23.4552 52.73 23.0 23.0 72000.0
39 matrix1_6000_0.9.txt matrix2_6000_0.9.txt 42363.0 11 0.39630000000000004 0.64408 0.9980500000000001 1.0002 2.5030736842105257 1.0016 10.83084 11.293199999999999 31.3 11.0 11.0 43200.0
40 matrix1_8000_0.3.txt matrix2_8000_0.3.txt 54554.0 24 0.3691 0.9967 0.9982500000000001 1.0000499999999999 3.5034769230769234 1.001125 11.82055 23.343400000000003 52.74 23.0 23.0 64800.0
41 matrix1_2000_0.7.txt matrix2_2000_0.7.txt 4051.0 4 3.0787999999999998 3.0787999999999998 3.0787999999999998 3.0787999999999998 3.0787999999999998 3.0787999999999998 3.0787999999999998 3.0787999999999998 5.16 11.0 11.0 4800.0
42 matrix1_8000_0.1.txt matrix2_8000_0.1.txt 49272.0 24 0.3613 0.98882 0.9986 0.9998999999999999 3.8537434782608697 1.0018 18.401060000000015 23.854400000000002 52.48 23.0 23.0 56400.0
43 matrix1_4000_0.3.txt matrix2_4000_0.3.txt 13827.0 12 0.8951 0.94785 1.000725 1.00125 3.1266499999999997 2.5518 7.43085 11.793099999999999 15.38 12.0 12.0 15000.0
44 matrix1_6000_0.5.txt matrix2_6000_0.5.txt 35845.0 12 0.33299999999999996 0.76755 0.9975499999999999 1.0000499999999999 2.7426687500000004 1.003075 10.338099999999999 11.3368 31.29 11.0 11.0 40200.0
45 matrix1_8000_0.9.txt matrix2_8000_0.9.txt 69487.0 24 0.40659999999999996 0.46112 0.9982 0.9995 2.901948484848485 1.0006 1.0024199999999999 23.7533 53.17 23.0 23.0 75600.0
46 matrix1_4000_0.7.txt matrix2_4000_0.7.txt 15357.0 13 0.4471 0.72245 0.9978500000000001 0.9981 2.88075 0.9994749999999999 6.9216999999999995 12.843499999999999 15.38 12.0 12.0 16800.0
47 matrix1_6000_0.3.txt matrix2_6000_0.3.txt 35461.0 11 0.332 0.9969999999999999 0.9986 0.9991499999999999 2.8082500000000006 1.001825 10.805349999999999 10.9992 31.04 11.0 11.0 37200.0
48 matrix1_2000_0.1.txt matrix2_2000_0.1.txt 2880.0 8 8 8 8 8 8 8 8 8 11.12 12.0 12.0 3600.0
49 matrix1_2000_0.9.txt matrix2_2000_0.9.txt 3873.0 1 0.9995999999999999 0.9995999999999999 0.9995999999999999 0.9995999999999999 0.9995999999999999 0.9995999999999999 0.9995999999999999 0.9995999999999999 5.01 12.0 12.0 4800.0
50 matrix1_4000_0.5.txt matrix2_4000_0.5.txt 14302.0 12 0.38520000000000004 0.6927500000000001 1.0003250000000001 1.0007 2.679116666666667 1.00115 6.343900000000001 11.6866 15.38 12.0 12.0 15600.0
51 matrix1_6000_0.1.txt matrix2_6000_0.1.txt 30281.0 11 0.6301 0.9989199999999999 0.9994 1.00105 3.0789214285714284 3.1373 9.933770000000003 10.7678 31.02 11.0 11.0 34800.0
52 matrix1_4000_0.1.txt matrix2_4000_0.1.txt 11634.0 7 0.9974 0.9977199999999999 0.9982 1.0015 2.5156199999999997 2.9663 5.15534 6.6147 15.18 12.0 12.0 13800.0
53 matrix1_4000_0.9.txt matrix2_4000_0.9.txt 16167.0 6 0.3839 0.7526600000000001 0.99985 1.0018 1.9669714285714286 2.28805 4.467440000000001 5.807300000000001 14.7 13.0 13.0 17400.0
54 matrix1_8000_0.7.txt matrix2_8000_0.7.txt 65774.0 24 0.34869999999999995 0.4836 0.9973000000000001 0.9994 3.0348483870967744 1.0017 11.6753 23.4771 52.83 23.0 23.0 75600.0
55 matrix1_6000_0.7.txt matrix2_6000_0.7.txt 159806.0 12 0.0 0.0 0.0 0.0 0.6136078947368422 0.0 1.00035 11.3695 31.27 11.0 11.0 42000.0
56 matrix1_2000_0.3.txt matrix2_2000_0.3.txt 3456.0 7 6.450399999999999 6.450399999999999 6.450399999999999 6.450399999999999 6.450399999999999 6.450399999999999 6.450399999999999 6.450399999999999 5.2 12.0 12.0 3600.0
57 matrix1_2000_0.5.txt matrix2_2000_0.5.txt 3714.0 6 5.5065 5.5065 5.5065 5.5065 5.5065 5.5065 5.5065 5.5065 5.16 11.0 11.0 4800.0
58 matrix1_8000_0.5.txt matrix2_8000_0.5.txt 58977.0 24 0.429 0.8063700000000001 0.9975 0.99985 3.2778000000000005 1.001725 10.138890000000005 23.507399999999997 52.79 23.0 23.0 72000.0
59 matrix1_6000_0.9.txt matrix2_6000_0.9.txt 41804.0 11 0.353 0.45186 0.9990000000000001 1.0003 2.448105263157895 1.0020499999999999 10.71784 10.8475 31.33 11.0 11.0 43200.0
60 matrix1_8000_0.3.txt matrix2_8000_0.3.txt 55486.0 25 0.344 0.8493999999999999 0.9984999999999999 0.9997499999999999 3.7082769230769244 1.001125 14.3652 24.442600000000002 52.76 23.0 23.0 64800.0
61 matrix1_2000_0.7.txt matrix2_2000_0.7.txt 4018.0 6 5.4352 5.4352 5.4352 5.4352 5.4352 5.4352 5.4352 5.4352 5.18 12.0 12.0 4800.0
62 matrix1_8000_0.1.txt matrix2_8000_0.1.txt 48976.0 24 0.3886 0.99772 0.99895 0.9995999999999999 4.301769565217391 1.00115 17.766620000000003 23.5009 52.51 23.0 23.0 56400.0
63 matrix1_4000_0.3.txt matrix2_4000_0.3.txt 133201.0 12 0.0 0.0 0.0 0.0 0.2357109375 0.0 0.0 11.0143 15.37 13.0 13.0 15000.0
64 matrix1_6000_0.5.txt matrix2_6000_0.5.txt 36687.0 12 0.341 0.73956 0.9986 1.0005 2.7362705882352945 1.0015 9.9779 11.321800000000001 31.32 11.0 11.0 40200.0
65 matrix1_8000_0.9.txt matrix2_8000_0.9.txt 72392.0 24 0.3331 0.35121 0.9977250000000001 0.9995999999999999 3.1703470588235296 1.0011 8.739109999999993 23.5418 53.14 23.0 23.0 75600.0
66 matrix1_4000_0.7.txt matrix2_4000_0.7.txt 15604.0 9 0.3542 0.6769 0.9996250000000001 1.0001 2.5342499999999997 2.96685 5.925750000000001 8.229199999999999 15.4 13.0 13.0 16800.0
67 matrix1_6000_0.3.txt matrix2_6000_0.3.txt 34280.0 11 0.365 0.99765 0.99845 1.0002 2.4286312499999996 1.354325 7.0356 11.0154 31.04 11.0 11.0 37200.0
68 matrix1_2000_0.1.txt matrix2_2000_0.1.txt 3062.0 8 8 8 8 8 8 8 8 8 11.12 8.0 8.0 3600.0
69 matrix1_2000_0.9.txt matrix2_2000_0.9.txt 4496.0 1 0.9995 0.9995 0.9995 0.9995 0.9995 0.9995 0.9995 0.9995 4.0 12.0 12.0 4800.0
70 matrix1_4000_0.5.txt matrix2_4000_0.5.txt 14455.0 12 0.6469 0.8216499999999999 0.9972 1.00065 3.235416666666667 3.1590000000000003 7.88395 11.889800000000001 15.37 12.0 12.0 15600.0
71 matrix1_6000_0.1.txt matrix2_6000_0.1.txt 31878.0 11 0.41369999999999996 0.9977199999999999 0.99865 1.0002 2.86808 1.0017 10.44574 10.8568 31.08 11.0 11.0 34800.0
72 matrix1_4000_0.1.txt matrix2_4000_0.1.txt 11014.0 14 0.9982 0.99874 0.9995499999999999 1.00035 4.060075 4.060875 9.569190000000003 13.2414 15.19 12.0 12.0 13800.0
73 matrix1_4000_0.9.txt matrix2_4000_0.9.txt 16320.0 14 0.376 0.74926 0.99875 1.0001 2.6950285714285713 1.00095 5.9969000000000054 13.489700000000001 14.99 14.0 14.0 17400.0
74 matrix1_8000_0.7.txt matrix2_8000_0.7.txt 66800.0 24 0.3204 0.43547000000000013 0.9988250000000001 0.9997999999999999 2.9849156249999997 1.001225 1.00237 23.5522 52.8 23.0 23.0 75600.0
75 matrix1_6000_0.7.txt matrix2_6000_0.7.txt 39430.0 11 0.344 0.8053600000000002 0.9982249999999999 0.99965 2.3624333333333336 1.0013750000000001 8.104870000000004 10.9954 31.26 11.0 11.0 42000.0
76 matrix1_2000_0.3.txt matrix2_2000_0.3.txt 3561.0 5 4.5425 4.5425 4.5425 4.5425 4.5425 4.5425 4.5425 4.5425 5.16 8.0 8.0 3600.0
77 matrix1_2000_0.5.txt matrix2_2000_0.5.txt 3688.0 6 5.3781 5.3781 5.3781 5.3781 5.3781 5.3781 5.3781 5.3781 5.17 12.0 12.0 4800.0
78 matrix1_8000_0.5.txt matrix2_8000_0.5.txt 59940.0 23 0.3493 0.77081 0.997675 0.99945 3.0234107142857143 1.001 5.503400000000011 23.0084 52.8 23.0 23.0 72000.0
79 matrix1_6000_0.9.txt matrix2_6000_0.9.txt 40886.0 15 0.37020000000000003 0.6992800000000001 0.99765 1.0002 2.3088368421052627 1.00215 3.5848999999999918 14.4727 31.28 14.0 14.0 43200.0
80 matrix1_8000_0.3.txt matrix2_8000_0.3.txt 52386.0 25 0.43 0.9971800000000001 0.9984999999999999 0.9992 3.091275 1.0017 4.438879999999999 24.0168 52.78 23.0 23.0 64800.0
81 matrix1_2000_0.7.txt matrix2_2000_0.7.txt 4020.0 4 3.2574 3.2574 3.2574 3.2574 3.2574 3.2574 3.2574 3.2574 5.18 12.0 12.0 4800.0
82 matrix1_8000_0.1.txt matrix2_8000_0.1.txt 48105.0 24 0.38780000000000003 0.99702 0.9988499999999999 1.0006 4.095536363636365 1.002775 19.969580000000036 23.417399999999997 52.53 23.0 23.0 56400.0
83 matrix1_4000_0.3.txt matrix2_4000_0.3.txt 12249.0 14 0.9345 0.9606999999999999 1.0 1.001 3.41274 1.001 8.276720000000001 13.1272 15.35 14.0 14.0 15000.0
84 matrix1_6000_0.5.txt matrix2_6000_0.5.txt 36939.0 12 0.33130000000000004 0.7752800000000001 0.9986 1.0005 2.5371411764705885 1.0019 9.282680000000001 11.3528 31.28 11.0 11.0 40200.0
85 matrix1_8000_0.9.txt matrix2_8000_0.9.txt 69000.0 24 0.34409999999999996 0.42796999999999996 0.997475 0.9991499999999999 2.66926875 1.000775 1.0037399999999999 23.653499999999998 53.21 23.0 23.0 75600.0
86 matrix1_4000_0.7.txt matrix2_4000_0.7.txt 15229.0 16 0.3544 0.6766 0.9991249999999999 1.0002000000000002 3.2373000000000003 1.000675 8.0351 15.0694 15.37 14.0 14.0 16800.0
87 matrix1_6000_0.3.txt matrix2_6000_0.3.txt 33414.0 11 0.3396 0.98482 0.9986 1.0012 2.8592866666666663 1.0022 10.426459999999999 10.861500000000001 31.07 11.0 11.0 37200.0
88 matrix1_2000_0.1.txt matrix2_2000_0.1.txt 3271.0 8 8 8 8 8 8 8 8 8 11.12 8.0 8.0 3600.0
89 matrix1_2000_0.9.txt matrix2_2000_0.9.txt 4270.0 1 1.0 1.0 1.0 1.0 1.0 1.0 1.0 1.0 4.02 14.0 14.0 4800.0
90 matrix1_4000_0.5.txt matrix2_4000_0.5.txt 13364.0 8 0.7171 0.8573999999999999 0.998425 1.00115 2.0813833333333336 1.107225 4.3856 7.6288 15.39 14.0 14.0 15600.0
91 matrix1_6000_0.1.txt matrix2_6000_0.1.txt 29381.0 11 0.6706 0.9979600000000001 0.9989 0.9995999999999999 3.1101230769230765 1.0029000000000001 10.40692 10.865 31.05 11.0 11.0 34800.0
92 matrix1_4000_0.1.txt matrix2_4000_0.1.txt 10657.0 14 1.0006 1.00084 1.0012 1.0018 4.201225 4.201825 9.961150000000002 13.800699999999999 15.2 14.0 14.0 13800.0
93 matrix1_4000_0.9.txt matrix2_4000_0.9.txt 16015.0 13 0.4199 0.76622 0.9972999999999999 0.9982 2.5475142857142856 1.0018 5.5676600000000045 12.416300000000001 15.83 14.0 14.0 17400.0
94 matrix1_8000_0.7.txt matrix2_8000_0.7.txt 64827.0 24 0.37829999999999997 0.48806 0.998125 0.9994 3.1463866666666673 1.0008 3.1737600000000303 23.8415 52.84 23.0 23.0 75600.0
95 matrix1_6000_0.7.txt matrix2_6000_0.7.txt 38200.0 12 0.3776 0.7962600000000001 0.9981 1.0001 2.4379411764705883 1.0022 7.936700000000001 11.7707 31.32 11.0 11.0 42000.0
96 matrix1_2000_0.3.txt matrix2_2000_0.3.txt 3611.0 5 4.9389 4.9389 4.9389 4.9389 4.9389 4.9389 4.9389 4.9389 5.18 8.0 8.0 3600.0
97 matrix1_2000_0.5.txt matrix2_2000_0.5.txt 3755.0 6 5.8980999999999995 5.8980999999999995 5.8980999999999995 5.8980999999999995 5.8980999999999995 5.8980999999999995 5.8980999999999995 5.8980999999999995 5.17 11.0 11.0 4800.0
98 matrix1_8000_0.5.txt matrix2_8000_0.5.txt 60677.0 23 0.431 0.8456800000000001 0.9983749999999999 0.99995 3.3073678571428577 1.0014250000000002 8.351410000000014 22.754 52.78 23.0 23.0 72000.0
99 matrix1_6000_0.9.txt matrix2_6000_0.9.txt 41221.0 14 0.3679 0.43274 0.9982499999999999 0.9997 2.6493473684210525 1.0011 9.363259999999995 14.1479 31.3 14.0 14.0 43200.0
100 matrix1_8000_0.3.txt matrix2_8000_0.3.txt 54133.0 26 0.3807 0.99678 0.9995 1.0003 3.8251720000000002 1.0012999999999999 15.036940000000033 25.759 52.75 25.0 25.0 64800.0
101 matrix1_2000_0.7.txt matrix2_2000_0.7.txt 4194.0 2 1.0024 1.0024 1.0024 1.0024 1.0024 1.0024 1.0024 1.0024 3.31 11.0 11.0 4800.0
102 matrix1_8000_0.1.txt matrix2_8000_0.1.txt 47198.0 25 0.4548 0.9353999999999999 0.9995750000000001 1.00035 4.604333333333334 1.002225 22.117310000000003 24.1927 52.54 23.0 23.0 56400.0
