1 matrix1_2000_0.1.txt matrix2_2000_0.1.txt 2421.0 8 8 8 8 8 8 8 8 8 -1 64.0 -1 3000.0
1 matrix1_2000_0.3.txt matrix2_2000_0.3.txt 2345.0 8 8 8 8 8 8 8 8 8 -1 64.0 -1 3000.0
1 matrix1_2000_0.5.txt matrix2_2000_0.5.txt 2641.0 8 8 8 8 8 8 8 8 8 -1 64.0 -1 4000.0
1 matrix1_2000_0.7.txt matrix2_2000_0.7.txt 2977.0 1 0.9976 0.9976 0.9976 0.9976 0.9976 0.9976 0.9976 0.9976 4.68 64.0 -1 4000.0
1 matrix1_2000_0.9.txt matrix2_2000_0.9.txt 3156.0 12 11.181199999999999 11.181199999999999 11.181199999999999 11.181199999999999 11.181199999999999 11.181199999999999 11.181199999999999 11.181199999999999 6.09 64.0 -1 4000.0
1 matrix1_4000_0.1.txt matrix2_4000_0.1.txt 8884.0 29 0.9973000000000001 0.9980600000000002 0.9992 1.0011 10.029766666666667 14.546000000000001 22.672940000000004 28.0909 15.22 64.0 -1 11500.0
1 matrix1_4000_0.3.txt matrix2_4000_0.3.txt 10280.0 24 0.9992 0.99932 0.9995 1.00065 6.626425 6.627574999999999 16.754150000000003 23.5052 15.46 64.0 -1 12500.0
1 matrix1_4000_0.5.txt matrix2_4000_0.5.txt 11759.0 35 0.9979 0.9980600000000002 0.9983 1.0006 7.611679999999999 1.0022 20.836520000000004 34.059400000000004 15.45 64.0 -1 13000.0
1 matrix1_4000_0.7.txt matrix2_4000_0.7.txt 12594.0 29 0.9993000000000001 0.99934 0.9994 1.0001 6.4966800000000005 1.0009000000000001 17.49058 28.4837 15.5 64.0 -1 14000.0
1 matrix1_4000_0.9.txt matrix2_4000_0.9.txt 13769.0 35 0.7563 0.87685 0.9975999999999999 0.9995499999999999 6.46875 1.001125 17.52985 34.0585 15.92 64.0 -1 14500.0
1 matrix1_6000_0.1.txt matrix2_6000_0.1.txt 25266.0 64 0.9973000000000001 0.9979 0.9981 0.9995 6.705372727272726 1.00195 1.0031999999999999 63.7622 31.13 64.0 -1 29000.0
1 matrix1_6000_0.3.txt matrix2_6000_0.3.txt 27799.0 38 0.5264 0.9932599999999999 0.9986000000000002 1.0000499999999999 4.002358333333333 1.000875 1.0014600000000002 37.509 31.26 64.0 -1 31000.0
1 matrix1_6000_0.5.txt matrix2_6000_0.5.txt 30991.0 2 0.5196000000000001 0.99785 0.99835 1.0002000000000002 0.9658642857142857 1.0017500000000001 1.00187 1.002 31.6 64.0 -1 33500.0
1 matrix1_6000_0.7.txt matrix2_6000_0.7.txt 32601.0 13 0.5127 0.99708 0.9978999999999999 0.9998 1.7600666666666667 1.0008 1.00156 12.8958 31.52 64.0 -1 35000.0
1 matrix1_6000_0.9.txt matrix2_6000_0.9.txt 34855.0 23 0.5357999999999999 0.8860499999999999 0.998425 0.9997499999999999 2.2780375 1.001525 1.0018 22.1382 31.67 64.0 -1 36000.0
1 matrix1_8000_0.1.txt matrix2_8000_0.1.txt 43310.0 64 0.5498 0.9967 0.9984999999999999 0.9997 3.9649523809523806 1.001 1.0028 63.9828 53.01 64.0 -1 47000.0
1 matrix1_8000_0.3.txt matrix2_8000_0.3.txt 49559.0 63 0.6239 0.99618 0.99795 0.9997 3.6635565217391304 1.0006 1.00206 62.6739 53.46 64.0 -1 54000.0
1 matrix1_8000_0.5.txt matrix2_8000_0.5.txt 53220.0 16 0.5547 0.99102 0.9976999999999999 0.9997 1.81572 1.0009000000000001 1.00236 15.779200000000001 53.47 64.0 -1 60000.0
1 matrix1_8000_0.7.txt matrix2_8000_0.7.txt 58518.0 64 0.5519 0.9559899999999999 0.9983749999999999 0.9991 3.2183964285714293 1.000875 1.00196 64.1322 53.57 64.0 -1 63000.0
1 matrix1_8000_0.9.txt matrix2_8000_0.9.txt 61911.0 47 0.5246999999999999 0.7009400000000001 0.9972 0.9995999999999999 2.4479 1.001275 1.00201 46.0259 54.33 64.0 -1 63000.0
1 matrix1_2000_0.1.txt matrix2_2000_0.1.txt 2445.0 8 8 8 8 8 8 8 8 8 4.68 32.0 -1 3000.0
1 matrix1_2000_0.3.txt matrix2_2000_0.3.txt 2312.0 8 8 8 8 8 8 8 8 8 4.68 32.0 -1 3000.0
1 matrix1_2000_0.5.txt matrix2_2000_0.5.txt 2751.0 9 8.2097 8.2097 8.2097 8.2097 8.2097 8.2097 8.2097 8.2097 6.42 32.0 -1 4000.0
1 matrix1_2000_0.7.txt matrix2_2000_0.7.txt 2901.0 8 8 8 8 8 8 8 8 8 6.42 32.0 -1 4000.0
1 matrix1_2000_0.9.txt matrix2_2000_0.9.txt 3238.0 8 7.2244 7.2244 7.2244 7.2244 7.2244 7.2244 7.2244 7.2244 6.24 32.0 -1 4000.0
1 matrix1_4000_0.1.txt matrix2_4000_0.1.txt 8981.0 13 0.9992 0.9993800000000002 0.99965 1.0001 4.9875 6.981649999999999 10.57058 12.963199999999999 15.31 32.0 -1 11500.0
1 matrix1_4000_0.3.txt matrix2_4000_0.3.txt 10245.0 9 0.9981 0.9984899999999999 0.9990749999999999 0.99995 2.8417250000000003 2.8426 6.158380000000001 8.3689 15.52 32.0 -1 12500.0
1 matrix1_4000_0.5.txt matrix2_4000_0.5.txt 11793.0 28 0.8983 0.9383400000000001 0.9984000000000001 0.9992 6.3599 0.9998 17.142200000000003 27.9038 15.54 32.0 -1 13000.0
1 matrix1_4000_0.7.txt matrix2_4000_0.7.txt 12663.0 3 0.9062 0.95295 0.9999749999999998 1.0009000000000001 1.3173000000000001 1.00235 1.99805 2.9932999999999996 15.55 32.0 -1 14000.0
1 matrix1_4000_0.9.txt matrix2_4000_0.9.txt 13564.0 15 0.9987 0.99898 0.9994 1.0021 3.77138 1.0024 9.313540000000001 14.8543 16.0 32.0 -1 14500.0
1 matrix1_6000_0.1.txt matrix2_6000_0.1.txt 24693.0 32 0.8976000000000001 0.91432 0.999025 0.99995 3.537775 1.001625 1.002 31.647199999999998 31.19 32.0 -1 29000.0
1 matrix1_6000_0.3.txt matrix2_6000_0.3.txt 27379.0 32 0.9851000000000001 0.99628 0.998125 0.9997 3.6023666666666667 1.002025 1.0032699999999999 32.2437 31.24 32.0 -1 31000.0
1 matrix1_6000_0.5.txt matrix2_6000_0.5.txt 30515.0 22 0.7134999999999999 0.9980999999999999 0.9991000000000001 0.9997499999999999 3.2550928571428575 1.00035 8.637650000000013 21.951 31.58 32.0 -1 33500.0
1 matrix1_6000_0.7.txt matrix2_6000_0.7.txt 33090.0 32 0.6739 0.9558000000000001 0.998575 0.9997 2.89281875 1.0012 1.0021 31.6969 31.52 32.0 -1 35000.0
1 matrix1_6000_0.9.txt matrix2_6000_0.9.txt 34420.0 32 0.7306 0.9782500000000001 0.998425 1.0004 2.86215 1.00195 1.0023 31.1005 31.65 32.0 -1 36000.0
1 matrix1_8000_0.1.txt matrix2_8000_0.1.txt 42174.0 32 0.9983 0.99857 0.9992 0.9997 3.273555555555556 1.000875 4.083660000000007 31.6531 52.95 32.0 -1 47000.0
1 matrix1_8000_0.3.txt matrix2_8000_0.3.txt 48149.0 32 0.6614 0.9971000000000001 0.9982 0.9998 3.3116869565217386 1.00255 1.0036200000000002 31.659499999999998 53.46 32.0 -1 54000.0
1 matrix1_8000_0.5.txt matrix2_8000_0.5.txt 53061.0 33 0.6731999999999999 0.99688 0.9976999999999999 0.9991 2.795028 1.0015 1.00294 32.3098 53.45 32.0 -1 60000.0
1 matrix1_8000_0.7.txt matrix2_8000_0.7.txt 58162.0 33 0.6323 0.9974600000000001 0.9983 0.9993000000000001 2.312811111111111 1.00095 1.00226 32.4777 53.53 32.0 -1 63000.0
1 matrix1_8000_0.9.txt matrix2_8000_0.9.txt 62425.0 32 0.6397999999999999 0.9697100000000001 0.99815 0.9990000000000001 2.142363333333333 1.0011 1.00255 31.7556 54.25 32.0 -1 63000.0
1 matrix1_2000_0.1.txt matrix2_2000_0.1.txt 9194.0 1 1.0684 1.0787200000000001 1.0942 1.12 1.1075 1.1270499999999999 1.13128 1.1340999999999999 5.12 1.0 -1 3000.0
1 matrix1_2000_0.3.txt matrix2_2000_0.3.txt 7625.0 1 0.993 1.011 1.038 1.083 1.12 1.1835 1.2438 1.284 6.0 1.0 -1 3000.0
1 matrix1_2000_0.5.txt matrix2_2000_0.5.txt 7863.0 1 0.9854999999999999 1.01598 1.0617 1.1379000000000001 1.0885333333333334 1.14005 1.14134 1.1421999999999999 6.03 1.0 -1 4000.0
1 matrix1_2000_0.7.txt matrix2_2000_0.7.txt 8790.0 1 0.9193000000000001 0.9277299999999999 0.940375 0.9816999999999999 1.033925 1.0752499999999998 1.1819 1.253 6.09 1.0 -1 4000.0
1 matrix1_2000_0.9.txt matrix2_2000_0.9.txt 7977.0 1 0.9194 0.93254 0.9522499999999999 0.9851000000000001 1.0152333333333332 1.06315 1.10998 1.1412 6.14 1.0 -1 4000.0
1 matrix1_4000_0.1.txt matrix2_4000_0.1.txt 40677.0 2 0.9174 0.94706 0.9933 1.0905 1.0941368421052633 1.1837 1.22684 1.3346 15.23 1.0 -1 11500.0
1 matrix1_4000_0.3.txt matrix2_4000_0.3.txt 40856.0 2 0.8534999999999999 0.9952600000000001 1.0151000000000001 1.1107 1.126921052631579 1.2141 1.2653799999999997 1.4472999999999998 15.42 1.0 -1 12500.0
1 matrix1_4000_0.5.txt matrix2_4000_0.5.txt 163353.0 2 0.0 0.0 0.0 0.0 0.2732670886075949 0.45130000000000003 1.12886 1.4008 15.49 1.0 -1 13000.0
1 matrix1_4000_0.7.txt matrix2_4000_0.7.txt 45284.0 2 0.6740999999999999 0.9493900000000001 1.0000499999999999 1.05595 1.070968181818182 1.127175 1.25476 1.425 15.51 1.0 -1 14000.0
1 matrix1_4000_0.9.txt matrix2_4000_0.9.txt 45463.0 1 0.8693000000000001 0.9128000000000001 0.9926 1.0011 1.034342857142857 1.1093000000000002 1.1798 1.2013 15.96 1.0 -1 14500.0
1 matrix1_6000_0.1.txt matrix2_6000_0.1.txt 124646.0 2 0.8835999999999999 0.9959899999999999 1.001325 1.06685 1.0731549999999999 1.1230749999999998 1.17866 1.3799000000000001 31.16 1.0 -1 29000.0
1 matrix1_6000_0.3.txt matrix2_6000_0.3.txt 125179.0 2 0.5188 0.9751000000000001 0.9995 1.0556 1.0689278688524588 1.1447 1.2325 1.4 31.29 1.0 -1 31000.0
1 matrix1_6000_0.5.txt matrix2_6000_0.5.txt 137603.0 2 0.5184000000000001 0.9842400000000001 1.00105 1.0584 1.0692119402985076 1.1467 1.2138 1.3478999999999999 31.58 1.0 -1 33500.0
1 matrix1_6000_0.7.txt matrix2_6000_0.7.txt 127477.0 2 0.5506 0.96619 1.00085 1.05425 1.0643370967741934 1.121925 1.2079300000000002 1.3048 31.55 1.0 -1 35000.0
1 matrix1_6000_0.9.txt matrix2_6000_0.9.txt 127347.0 2 0.5511 0.94692 0.993275 1.00125 1.0415048387096775 1.10985 1.19961 1.3230000000000002 31.69 1.0 -1 36000.0
1 matrix1_8000_0.1.txt matrix2_8000_0.1.txt 257861.0 2 0.843 0.9758 0.9998999999999999 1.05565 1.0701031746031746 1.135025 1.1938499999999999 1.3289 52.98 1.0 -1 47000.0
1 matrix1_8000_0.3.txt matrix2_8000_0.3.txt 260513.0 2 0.5477000000000001 0.9514900000000001 0.9986 1.0399 1.0553890625 1.115825 1.17954 1.3593000000000002 53.49 1.0 -1 54000.0
1 matrix1_8000_0.5.txt matrix2_8000_0.5.txt 260639.0 2 0.5414 0.9661 0.9988250000000001 1.03515 1.0495453125 1.110325 1.1762000000000001 1.3583 53.48 1.0 -1 60000.0
1 matrix1_8000_0.7.txt matrix2_8000_0.7.txt 389971.0 2 0.0 0.0 0.0 0.9995999999999999 0.7338361256544503 1.08905 1.1709 1.4584000000000001 53.54 1.0 -1 63000.0
1 matrix1_8000_0.9.txt matrix2_8000_0.9.txt 278940.0 2 0.5144 0.96244 0.9994 1.044 1.0577948905109489 1.1223999999999998 1.21058 1.3432 54.29 1.0 -1 63000.0
