4.2M-praa_sands_2_516054.jpg 3611.0 1 1 1 1 1 1 1 1 1 -1 64.0 5000.0
13M-st_basils_cathedral_2_516323.jpg 2389.0 1 1 1 1 1 1 1 1 1 -1 64.0 5000.0
916K-pollution_2_514607.jpg 646.0 1 1 1 1 1 1 1 1 1 -1 64.0 5000.0
1.6M-white_tulips_514483.jpg 2361.0 1 1 1 1 1 1 1 1 1 -1 64.0 5000.0
4.6M-that_was_the_end_this_is_the_begining_513290.jpg 1045.0 1 1 1 1 1 1 1 1 1 -1 64.0 5000.0
6.2M-dark_city_513227.jpg 1520.0 1 1 1 1 1 1 1 1 1 -1 64.0 5000.0
4.9M-seeing_red_515961.jpg 1640.0 1 1 1 1 1 1 1 1 1 -1 64.0 5000.0
2.4M-venice_in_winter_513381.jpg 1597.0 1 1 1 1 1 1 1 1 1 -1 64.0 5000.0
3.8M-sunset_and_evening_2_of_2_515480.jpg 2533.0 1 0.9995999999999999 0.9995999999999999 0.9995999999999999 0.9995999999999999 0.9995999999999999 0.9995999999999999 0.9995999999999999 0.9995999999999999 6.35 64.0 5000.0
1.3M-one_tacky_cup_515072.jpg 1753.0 1 1 1 1 1 1 1 1 1 6.35 64.0 5000.0
9.2M-rose_2_514080.jpg 1429.0 1 1 1 1 1 1 1 1 1 6.35 64.0 5000.0
4.7M-cape_daisy_2_514383.jpg 1664.0 1 1 1 1 1 1 1 1 1 6.35 64.0 5000.0
5.7M-yantra_river_514678.jpg 1267.0 1 1 1 1 1 1 1 1 1 6.35 64.0 5000.0
3.5M-standing_restrictions_explored_14th_january_2013_46_513166.jpg 1156.0 1 1 1 1 1 1 1 1 1 6.35 64.0 5000.0
4.5M-more_toys_514506.jpg 984.0 1 1 1 1 1 1 1 1 1 6.35 64.0 5000.0
2.5M-fashion_cupcakes_513638.jpg 1277.0 1 1 1 1 1 1 1 1 1 6.35 64.0 5000.0
3.2M-heathcote_515292.jpg 913.0 1 1 1 1 1 1 1 1 1 6.35 64.0 5000.0
4.3M-sunset_and_evening_1_of_2_515486.jpg 3025.0 1 1 1 1 1 1 1 1 1 6.35 64.0 5000.0
5.9M-camping_516859.jpg 3111.0 1 0.9981 0.9981 0.9981 0.9981 0.9981 0.9981 0.9981 0.9981 6.02 64.0 5000.0
6.4M-peacock_butterfly_2_514342.jpg 1405.0 1 1 1 1 1 1 1 1 1 6.35 64.0 5000.0
3.9M-mouettes_seagulls_514235.jpg 1202.0 1 1 1 1 1 1 1 1 1 6.35 64.0 5000.0
1.7M-joe_joe_taking_flight_513760.jpg 3252.0 1 0.9989 0.9989 0.9989 0.9989 0.9989 0.9989 0.9989 0.9989 6.43 64.0 5000.0
2.5M-red_velvet_514717.jpg 1087.0 1 1 1 1 1 1 1 1 1 6.35 64.0 5000.0
1.4M-sunset_river_514676.jpg 1064.0 1 1 1 1 1 1 1 1 1 6.35 64.0 5000.0
17M-week_2_majestic_rock_514665.jpg 1989.0 1 1 1 1 1 1 1 1 1 6.35 64.0 5000.0
1.9M-walk_away_517169.jpg 1548.0 1 1 1 1 1 1 1 1 1 6.35 64.0 5000.0
3.0M-french_fries_516538.jpg 971.0 1 1 1 1 1 1 1 1 1 6.35 64.0 5000.0
4.1M-backlit_flower_513144.jpg 1883.0 1 1 1 1 1 1 1 1 1 6.35 64.0 5000.0
3.4M-glass_chess_2_515415.jpg 1719.0 1 1 1 1 1 1 1 1 1 6.35 64.0 5000.0
18M-sand_dunes_nightlife_516040.jpg 2535.0 1 1 1 1 1 1 1 1 1 6.35 64.0 5000.0
6.3M-cafe_coffe_515939.jpg 2329.0 1 1 1 1 1 1 1 1 1 6.35 64.0 5000.0
28M-the_river_514681.jpg 4393.0 2 1.0014 1.0014 1.0014 1.0014 1.0014 1.0014 1.0014 1.0014 6.82 64.0 5000.0
5.6M-statue_of_liberty_original_model_version_2_517010.jpg 2189.0 1 1 1 1 1 1 1 1 1 6.35 64.0 5000.0
7.9M-craggy_rock_517201.jpg 2226.0 1 1 1 1 1 1 1 1 1 6.35 64.0 5000.0
4.0M-hi_there_513531.jpg 1221.0 1 1 1 1 1 1 1 1 1 6.35 64.0 5000.0
12M-disabled_fashion_513292.jpg 4191.0 1 0.9974 0.9974 0.9974 0.9974 0.9974 0.9974 0.9974 0.9974 6.49 64.0 5000.0
8.2M-my_soul_517211.jpg 2000.0 1 1 1 1 1 1 1 1 1 6.35 64.0 5000.0
4.5M-forest_513174.jpg 1256.0 1 1 1 1 1 1 1 1 1 6.35 64.0 5000.0
4.6M-german_air_force_a340_3001602_517125.jpg 1276.0 1 1 1 1 1 1 1 1 1 6.35 64.0 5000.0
6.1M-simple_landscape_2_515009.jpg 1262.0 1 1 1 1 1 1 1 1 1 6.35 64.0 5000.0
7.4M-ford_gt_35_15_516157.jpg 2586.0 2 1.0004 1.0004 1.0004 1.0004 1.0004 1.0004 1.0004 1.0004 4.71 64.0 5000.0
7.8M-heavy_snow_2_516009.jpg 1104.0 1 1 1 1 1 1 1 1 1 6.35 64.0 5000.0
6.1M-fire_514822.jpg 1657.0 1 1 1 1 1 1 1 1 1 6.35 64.0 5000.0
1.4M-leaves_of_grass_515433.jpg 2576.0 2 1.0003 1.0003 1.0003 1.0003 1.0003 1.0003 1.0003 1.0003 7.17 64.0 5000.0
30M-river_landscape_515440.jpg 3477.0 1 1 1 1 1 1 1 1 1 6.35 64.0 5000.0
2.5M-feliz_quinta_flower_513506.jpg 1334.0 1 1 1 1 1 1 1 1 1 6.35 64.0 5000.0
5.1M-itsthemensworld_514784.jpg 1936.0 1 1 1 1 1 1 1 1 1 6.35 64.0 5000.0
5.7M-forest_floor_515925.jpg 2016.0 1 1 1 1 1 1 1 1 1 6.35 64.0 5000.0
5.6M-pink_sorrel_515688.jpg 2166.0 1 1 1 1 1 1 1 1 1 6.35 64.0 5000.0
1.6M-lisbon_sunset_514529.jpg 1000.0 1 1 1 1 1 1 1 1 1 6.35 64.0 5000.0
4.5M-hunting_a_toy_514521.jpg 1499.0 1 1 1 1 1 1 1 1 1 6.35 64.0 5000.0
3.7M-south_boston_va_516934.jpg 1532.0 1 1 1 1 1 1 1 1 1 6.35 64.0 5000.0
5.7M-winter_in_leeds_513733.jpg 800.0 1 1 1 1 1 1 1 1 1 6.35 64.0 5000.0
2.9M-water_splash_515404.jpg 1625.0 1 1 1 1 1 1 1 1 1 6.35 64.0 5000.0
7.8M-26365_kitty_515094.jpg 1431.0 1 1 1 1 1 1 1 1 1 6.35 64.0 5000.0
4.0M-quotfrench_lacequot_rose_516786.jpg 2503.0 1 1 1 1 1 1 1 1 1 6.35 64.0 5000.0
13M-forest_515915.jpg 4868.0 2 1.0003 1.0003 1.0003 1.0003 1.0003 1.0003 1.0003 1.0003 8.69 64.0 5000.0
4.2M-praa_sands_2_516054.jpg 3684.0 1 1 1 1 1 1 1 1 1 6.35 32.0 5000.0
13M-st_basils_cathedral_2_516323.jpg 2399.0 1 0.9990000000000001 0.9990000000000001 0.9990000000000001 0.9990000000000001 0.9990000000000001 0.9990000000000001 0.9990000000000001 0.9990000000000001 4.76 32.0 5000.0
916K-pollution_2_514607.jpg 619.0 1 1 1 1 1 1 1 1 1 4.76 32.0 5000.0
1.6M-white_tulips_514483.jpg 2281.0 1 1 1 1 1 1 1 1 1 4.76 32.0 5000.0
4.6M-that_was_the_end_this_is_the_begining_513290.jpg 1006.0 1 1 1 1 1 1 1 1 1 4.76 32.0 5000.0
6.2M-dark_city_513227.jpg 1523.0 1 1 1 1 1 1 1 1 1 4.76 32.0 5000.0
4.9M-seeing_red_515961.jpg 1614.0 1 1 1 1 1 1 1 1 1 4.76 32.0 5000.0
2.4M-venice_in_winter_513381.jpg 1595.0 1 1 1 1 1 1 1 1 1 4.76 32.0 5000.0
3.8M-sunset_and_evening_2_of_2_515480.jpg 2534.0 2 1.0002 1.0002 1.0002 1.0002 1.0002 1.0002 1.0002 1.0002 6.47 32.0 5000.0
1.3M-one_tacky_cup_515072.jpg 1768.0 1 1 1 1 1 1 1 1 1 4.76 32.0 5000.0
9.2M-rose_2_514080.jpg 1420.0 1 1 1 1 1 1 1 1 1 4.76 32.0 5000.0
4.7M-cape_daisy_2_514383.jpg 1654.0 1 1 1 1 1 1 1 1 1 4.76 32.0 5000.0
5.7M-yantra_river_514678.jpg 1261.0 1 1 1 1 1 1 1 1 1 4.76 32.0 5000.0
3.5M-standing_restrictions_explored_14th_january_2013_46_513166.jpg 1144.0 1 1 1 1 1 1 1 1 1 4.76 32.0 5000.0
6.8M-eiffel_ice_516309.jpg 2256.0 1 1 1 1 1 1 1 1 1 4.76 32.0 5000.0
4.5M-more_toys_514506.jpg 1030.0 1 1 1 1 1 1 1 1 1 4.76 32.0 5000.0
2.5M-fashion_cupcakes_513638.jpg 1338.0 1 1 1 1 1 1 1 1 1 4.76 32.0 5000.0
3.2M-heathcote_515292.jpg 964.0 1 1 1 1 1 1 1 1 1 4.76 32.0 5000.0
4.3M-sunset_and_evening_1_of_2_515486.jpg 2901.0 1 1 1 1 1 1 1 1 1 4.76 32.0 5000.0
5.9M-camping_516859.jpg 3074.0 2 1.0016 1.0016 1.0016 1.0016 1.0016 1.0016 1.0016 1.0016 8.34 32.0 5000.0
6.4M-peacock_butterfly_2_514342.jpg 1410.0 1 1 1 1 1 1 1 1 1 4.76 32.0 5000.0
3.9M-mouettes_seagulls_514235.jpg 1247.0 1 1 1 1 1 1 1 1 1 4.76 32.0 5000.0
1.7M-joe_joe_taking_flight_513760.jpg 3359.0 2 1.0001 1.0001 1.0001 1.0001 1.0001 1.0001 1.0001 1.0001 8.03 32.0 5000.0
2.5M-red_velvet_514717.jpg 1078.0 1 1 1 1 1 1 1 1 1 4.76 32.0 5000.0
1.4M-sunset_river_514676.jpg 1038.0 1 1 1 1 1 1 1 1 1 4.76 32.0 5000.0
17M-week_2_majestic_rock_514665.jpg 1988.0 1 1 1 1 1 1 1 1 1 4.76 32.0 5000.0
1.9M-walk_away_517169.jpg 1560.0 1 1 1 1 1 1 1 1 1 4.76 32.0 5000.0
3.0M-french_fries_516538.jpg 1022.0 1 1 1 1 1 1 1 1 1 4.76 32.0 5000.0
4.1M-backlit_flower_513144.jpg 1886.0 1 1 1 1 1 1 1 1 1 4.76 32.0 5000.0
3.4M-glass_chess_2_515415.jpg 1723.0 1 1 1 1 1 1 1 1 1 4.76 32.0 5000.0
18M-sand_dunes_nightlife_516040.jpg 2504.0 1 1 1 1 1 1 1 1 1 4.76 32.0 5000.0
6.3M-cafe_coffe_515939.jpg 2341.0 1 1 1 1 1 1 1 1 1 4.76 32.0 5000.0
28M-the_river_514681.jpg 4398.0 1 0.9984999999999999 0.9984999999999999 0.9984999999999999 0.9984999999999999 0.9984999999999999 0.9984999999999999 0.9984999999999999 0.9984999999999999 8.22 32.0 5000.0
5.6M-statue_of_liberty_original_model_version_2_517010.jpg 2153.0 1 1 1 1 1 1 1 1 1 4.76 32.0 5000.0
7.9M-craggy_rock_517201.jpg 2157.0 1 1 1 1 1 1 1 1 1 4.76 32.0 5000.0
4.0M-hi_there_513531.jpg 1221.0 1 1 1 1 1 1 1 1 1 4.76 32.0 5000.0
12M-disabled_fashion_513292.jpg 4247.0 2 1.0039 1.0039 1.0039 1.0039 1.0039 1.0039 1.0039 1.0039 7.92 32.0 5000.0
8.2M-my_soul_517211.jpg 2015.0 1 1 1 1 1 1 1 1 1 4.76 32.0 5000.0
4.5M-forest_513174.jpg 1268.0 1 1 1 1 1 1 1 1 1 4.76 32.0 5000.0
4.6M-german_air_force_a340_3001602_517125.jpg 1271.0 1 1 1 1 1 1 1 1 1 4.76 32.0 5000.0
6.1M-simple_landscape_2_515009.jpg 1281.0 1 1 1 1 1 1 1 1 1 4.76 32.0 5000.0
7.4M-ford_gt_35_15_516157.jpg 2593.0 1 0.9984000000000001 0.9984000000000001 0.9984000000000001 0.9984000000000001 0.9984000000000001 0.9984000000000001 0.9984000000000001 0.9984000000000001 5.82 32.0 5000.0
7.8M-heavy_snow_2_516009.jpg 1141.0 1 1 1 1 1 1 1 1 1 4.76 32.0 5000.0
6.1M-fire_514822.jpg 1670.0 1 1 1 1 1 1 1 1 1 4.76 32.0 5000.0
1.4M-leaves_of_grass_515433.jpg 2577.0 1 1 1 1 1 1 1 1 1 4.76 32.0 5000.0
30M-river_landscape_515440.jpg 3541.0 2 1.0012 1.0012 1.0012 1.0012 1.0012 1.0012 1.0012 1.0012 4.46 32.0 5000.0
2.5M-feliz_quinta_flower_513506.jpg 1342.0 1 1 1 1 1 1 1 1 1 4.76 32.0 5000.0
5.1M-itsthemensworld_514784.jpg 1901.0 1 1 1 1 1 1 1 1 1 4.76 32.0 5000.0
5.7M-forest_floor_515925.jpg 2004.0 1 1 1 1 1 1 1 1 1 4.76 32.0 5000.0
5.6M-pink_sorrel_515688.jpg 2143.0 1 1 1 1 1 1 1 1 1 4.76 32.0 5000.0
1.6M-lisbon_sunset_514529.jpg 963.0 1 1 1 1 1 1 1 1 1 4.76 32.0 5000.0
4.5M-hunting_a_toy_514521.jpg 1456.0 1 1 1 1 1 1 1 1 1 4.76 32.0 5000.0
3.7M-south_boston_va_516934.jpg 1528.0 1 1 1 1 1 1 1 1 1 4.76 32.0 5000.0
5.7M-winter_in_leeds_513733.jpg 804.0 1 1 1 1 1 1 1 1 1 4.76 32.0 5000.0
2.9M-water_splash_515404.jpg 1665.0 1 1 1 1 1 1 1 1 1 4.76 32.0 5000.0
7.8M-26365_kitty_515094.jpg 1483.0 1 1 1 1 1 1 1 1 1 4.76 32.0 5000.0
4.0M-quotfrench_lacequot_rose_516786.jpg 2389.0 2 1.0007 1.0007 1.0007 1.0007 1.0007 1.0007 1.0007 1.0007 5.67 32.0 5000.0
13M-forest_515915.jpg 4853.0 1 0.9983 0.9983 0.9983 0.9983 0.9983 0.9983 0.9983 0.9983 9.39 32.0 5000.0
4.2M-praa_sands_2_516054.jpg 4060.0 1 1.0017 1.0017 1.0017 1.0017 1.0017 1.0017 1.0017 1.0017 7.78 1.0 5000.0
13M-st_basils_cathedral_2_516323.jpg 2380.0 1 1 1 1 1 1 1 1 1 5.67 1.0 5000.0
916K-pollution_2_514607.jpg 624.0 1 1 1 1 1 1 1 1 1 5.67 1.0 5000.0
1.6M-white_tulips_514483.jpg 2287.0 1 0.9987 0.9987 0.9987 0.9987 0.9987 0.9987 0.9987 0.9987 6.2 1.0 5000.0
4.6M-that_was_the_end_this_is_the_begining_513290.jpg 1060.0 1 1 1 1 1 1 1 1 1 6.2 1.0 5000.0
4.9M-seeing_red_515961.jpg 1642.0 1 1 1 1 1 1 1 1 1 6.2 1.0 5000.0
2.4M-venice_in_winter_513381.jpg 1665.0 1 1 1 1 1 1 1 1 1 6.2 1.0 5000.0
3.8M-sunset_and_evening_2_of_2_515480.jpg 2625.0 1 1 1 1 1 1 1 1 1 6.2 1.0 5000.0
1.3M-one_tacky_cup_515072.jpg 1729.0 1 1 1 1 1 1 1 1 1 6.2 1.0 5000.0
9.2M-rose_2_514080.jpg 1416.0 1 1 1 1 1 1 1 1 1 6.2 1.0 5000.0
4.7M-cape_daisy_2_514383.jpg 1632.0 1 1 1 1 1 1 1 1 1 6.2 1.0 5000.0
5.7M-yantra_river_514678.jpg 1244.0 1 1 1 1 1 1 1 1 1 6.2 1.0 5000.0
3.5M-standing_restrictions_explored_14th_january_2013_46_513166.jpg 1170.0 1 1 1 1 1 1 1 1 1 6.2 1.0 5000.0
6.8M-eiffel_ice_516309.jpg 2114.0 1 1 1 1 1 1 1 1 1 6.2 1.0 5000.0
2.5M-fashion_cupcakes_513638.jpg 1296.0 1 1 1 1 1 1 1 1 1 6.2 1.0 5000.0
3.2M-heathcote_515292.jpg 938.0 1 1 1 1 1 1 1 1 1 6.2 1.0 5000.0
4.3M-sunset_and_evening_1_of_2_515486.jpg 2907.0 1 1 1 1 1 1 1 1 1 6.2 1.0 5000.0
5.9M-camping_516859.jpg 3098.0 1 0.9989 0.9989 0.9989 0.9989 0.9989 0.9989 0.9989 0.9989 5.55 1.0 5000.0
6.4M-peacock_butterfly_2_514342.jpg 1466.0 1 1 1 1 1 1 1 1 1 6.2 1.0 5000.0
3.9M-mouettes_seagulls_514235.jpg 1216.0 1 1 1 1 1 1 1 1 1 6.2 1.0 5000.0
1.7M-joe_joe_taking_flight_513760.jpg 3202.0 1 1.0011 1.0011 1.0011 1.0011 1.0011 1.0011 1.0011 1.0011 5.8 1.0 5000.0
2.5M-red_velvet_514717.jpg 1078.0 1 1 1 1 1 1 1 1 1 6.2 1.0 5000.0
1.4M-sunset_river_514676.jpg 1035.0 1 1 1 1 1 1 1 1 1 6.2 1.0 5000.0
17M-week_2_majestic_rock_514665.jpg 2004.0 1 1 1 1 1 1 1 1 1 6.2 1.0 5000.0
1.9M-walk_away_517169.jpg 1540.0 1 1 1 1 1 1 1 1 1 6.2 1.0 5000.0
3.0M-french_fries_516538.jpg 957.0 1 1 1 1 1 1 1 1 1 6.2 1.0 5000.0
4.1M-backlit_flower_513144.jpg 1865.0 1 1 1 1 1 1 1 1 1 6.2 1.0 5000.0
3.4M-glass_chess_2_515415.jpg 1742.0 1 1 1 1 1 1 1 1 1 6.2 1.0 5000.0
18M-sand_dunes_nightlife_516040.jpg 2532.0 1 1 1 1 1 1 1 1 1 6.2 1.0 5000.0
6.3M-cafe_coffe_515939.jpg 2372.0 1 1 1 1 1 1 1 1 1 6.2 1.0 5000.0
28M-the_river_514681.jpg 4384.0 1 0.9984999999999999 0.9984999999999999 0.9984999999999999 0.9984999999999999 0.9984999999999999 0.9984999999999999 0.9984999999999999 0.9984999999999999 6.53 1.0 5000.0
5.6M-statue_of_liberty_original_model_version_2_517010.jpg 2139.0 1 1 1 1 1 1 1 1 1 6.2 1.0 5000.0
7.9M-craggy_rock_517201.jpg 2151.0 1 0.9976999999999999 0.9976999999999999 0.9976999999999999 0.9976999999999999 0.9976999999999999 0.9976999999999999 0.9976999999999999 0.9976999999999999 5.56 1.0 5000.0
4.0M-hi_there_513531.jpg 1213.0 1 1 1 1 1 1 1 1 1 5.56 1.0 5000.0
12M-disabled_fashion_513292.jpg 4284.0 1 0.9984999999999999 0.9984999999999999 0.9984999999999999 0.9984999999999999 0.9984999999999999 0.9984999999999999 0.9984999999999999 0.9984999999999999 6.27 1.0 5000.0
8.2M-my_soul_517211.jpg 1997.0 1 1 1 1 1 1 1 1 1 5.56 1.0 5000.0
4.5M-forest_513174.jpg 1243.0 1 1 1 1 1 1 1 1 1 5.56 1.0 5000.0
4.6M-german_air_force_a340_3001602_517125.jpg 1304.0 1 1 1 1 1 1 1 1 1 5.56 1.0 5000.0
6.1M-simple_landscape_2_515009.jpg 1249.0 1 1 1 1 1 1 1 1 1 5.56 1.0 5000.0
7.4M-ford_gt_35_15_516157.jpg 2612.0 1 1 1 1 1 1 1 1 1 5.56 1.0 5000.0
7.8M-heavy_snow_2_516009.jpg 1108.0 1 1 1 1 1 1 1 1 1 5.56 1.0 5000.0
6.1M-fire_514822.jpg 1687.0 1 1 1 1 1 1 1 1 1 5.56 1.0 5000.0
1.4M-leaves_of_grass_515433.jpg 2560.0 1 0.9989 0.9989 0.9989 0.9989 0.9989 0.9989 0.9989 0.9989 6.77 1.0 5000.0
30M-river_landscape_515440.jpg 3579.0 1 1 1 1 1 1 1 1 1 5.56 1.0 5000.0
2.5M-feliz_quinta_flower_513506.jpg 1343.0 1 1 1 1 1 1 1 1 1 5.56 1.0 5000.0
5.1M-itsthemensworld_514784.jpg 1888.0 1 1 1 1 1 1 1 1 1 5.56 1.0 5000.0
5.7M-forest_floor_515925.jpg 1952.0 1 1 1 1 1 1 1 1 1 5.56 1.0 5000.0
5.6M-pink_sorrel_515688.jpg 2177.0 1 1 1 1 1 1 1 1 1 5.56 1.0 5000.0
1.6M-lisbon_sunset_514529.jpg 954.0 1 1 1 1 1 1 1 1 1 5.56 1.0 5000.0
4.5M-hunting_a_toy_514521.jpg 1447.0 1 1 1 1 1 1 1 1 1 5.56 1.0 5000.0
3.7M-south_boston_va_516934.jpg 1524.0 1 1 1 1 1 1 1 1 1 5.56 1.0 5000.0
5.7M-winter_in_leeds_513733.jpg 801.0 1 1 1 1 1 1 1 1 1 5.56 1.0 5000.0
2.9M-water_splash_515404.jpg 1633.0 1 1 1 1 1 1 1 1 1 5.56 1.0 5000.0
7.8M-26365_kitty_515094.jpg 1434.0 1 1 1 1 1 1 1 1 1 5.56 1.0 5000.0
4.0M-quotfrench_lacequot_rose_516786.jpg 2363.0 1 1 1 1 1 1 1 1 1 5.56 1.0 5000.0
13M-forest_515915.jpg 4879.0 1 0.9983 0.9983 0.9983 0.9983 0.9983 0.9983 0.9983 0.9983 8.75 1.0 5000.0
6.8M-eiffel_ice_516309.jpg 2499.0 1 1 1 1 1 1 1 1 1 -1 64.0 5000.0
6.2M-dark_city_513227.jpg 2297.0 1 1 1 1 1 1 1 1 1 -1 1.0 5000.0
4.5M-more_toys_514506.jpg 990.0 1 1 1 1 1 1 1 1 1 -1 1.0 5000.0
