0 4.2M-praa_sands_2_516054.jpg 3732.0 1 1 1 1 1 1 1 1 1 -1 30.0 1.0 5000.0
1 13M-st_basils_cathedral_2_516323.jpg 2416.0 1 0.9975 0.9975 0.9975 0.9975 0.9975 0.9975 0.9975 0.9975 5.99 30.0 1.0 5000.0
2 916K-pollution_2_514607.jpg 625.0 1 1 1 1 1 1 1 1 1 5.99 30.0 1.0 5000.0
3 1.6M-white_tulips_514483.jpg 2269.0 1 1 1 1 1 1 1 1 1 5.99 30.0 1.0 5000.0
4 4.6M-that_was_the_end_this_is_the_begining_513290.jpg 1019.0 1 1 1 1 1 1 1 1 1 5.99 30.0 1.0 5000.0
5 6.2M-dark_city_513227.jpg 2254.0 1 1 1 1 1 1 1 1 1 5.99 1.0 1.0 5000.0
6 4.9M-seeing_red_515961.jpg 1622.0 1 1 1 1 1 1 1 1 1 5.99 1.0 1.0 5000.0
7 2.4M-venice_in_winter_513381.jpg 1616.0 1 1 1 1 1 1 1 1 1 5.99 1.0 1.0 5000.0
8 3.8M-sunset_and_evening_2_of_2_515480.jpg 2554.0 1 0.998 0.998 0.998 0.998 0.998 0.998 0.998 0.998 5.54 1.0 1.0 5000.0
9 1.3M-one_tacky_cup_515072.jpg 1767.0 1 1 1 1 1 1 1 1 1 5.99 1.0 1.0 5000.0
10 9.2M-rose_2_514080.jpg 1478.0 1 1 1 1 1 1 1 1 1 5.99 1.0 1.0 5000.0
11 4.7M-cape_daisy_2_514383.jpg 1687.0 1 1 1 1 1 1 1 1 1 5.99 1.0 1.0 5000.0
12 5.7M-yantra_river_514678.jpg 1261.0 1 1 1 1 1 1 1 1 1 5.99 1.0 1.0 5000.0
13 3.5M-standing_restrictions_explored_14th_january_2013_46_513166.jpg 1207.0 1 1 1 1 1 1 1 1 1 5.99 1.0 1.0 5000.0
14 6.8M-eiffel_ice_516309.jpg 2161.0 1 1 1 1 1 1 1 1 1 5.99 1.0 1.0 5000.0
15 4.5M-more_toys_514506.jpg 987.0 1 1 1 1 1 1 1 1 1 5.99 1.0 1.0 5000.0
16 2.5M-fashion_cupcakes_513638.jpg 1330.0 1 1 1 1 1 1 1 1 1 5.99 1.0 1.0 5000.0
17 3.2M-heathcote_515292.jpg 920.0 1 1 1 1 1 1 1 1 1 5.99 1.0 1.0 5000.0
18 4.3M-sunset_and_evening_1_of_2_515486.jpg 2922.0 1 1 1 1 1 1 1 1 1 5.99 1.0 1.0 5000.0
19 5.9M-camping_516859.jpg 3120.0 1 1.0002 1.0002 1.0002 1.0002 1.0002 1.0002 1.0002 1.0002 8.21 1.0 1.0 5000.0
20 6.4M-peacock_butterfly_2_514342.jpg 1395.0 1 1 1 1 1 1 1 1 1 5.99 1.0 1.0 5000.0
21 3.9M-mouettes_seagulls_514235.jpg 1258.0 1 1 1 1 1 1 1 1 1 5.99 1.0 1.0 5000.0
22 1.7M-joe_joe_taking_flight_513760.jpg 3296.0 1 1.0028 1.0028 1.0028 1.0028 1.0028 1.0028 1.0028 1.0028 8.43 1.0 1.0 5000.0
23 2.5M-red_velvet_514717.jpg 121165.0 0 0.0 0.0 0.0 0.0 0.0 0.0 0.0 0.0 1.22 1.0 1.0 5000.0
24 1.4M-sunset_river_514676.jpg 1049.0 1 1 1 1 1 1 1 1 1 5.99 1.0 1.0 5000.0
25 17M-week_2_majestic_rock_514665.jpg 2002.0 1 1 1 1 1 1 1 1 1 5.99 1.0 1.0 5000.0
26 1.9M-walk_away_517169.jpg 1562.0 1 1 1 1 1 1 1 1 1 5.99 1.0 1.0 5000.0
27 3.0M-french_fries_516538.jpg 957.0 1 1 1 1 1 1 1 1 1 5.99 1.0 1.0 5000.0
28 4.1M-backlit_flower_513144.jpg 1928.0 1 1 1 1 1 1 1 1 1 5.99 1.0 1.0 5000.0
29 3.4M-glass_chess_2_515415.jpg 1840.0 1 1 1 1 1 1 1 1 1 5.99 1.0 1.0 5000.0
30 18M-sand_dunes_nightlife_516040.jpg 2631.0 1 1.001 1.001 1.001 1.001 1.001 1.001 1.001 1.001 4.48 1.0 1.0 5000.0
31 6.3M-cafe_coffe_515939.jpg 2340.0 1 1 1 1 1 1 1 1 1 5.99 1.0 1.0 5000.0
32 28M-the_river_514681.jpg 4474.0 1 1.0007 1.0007 1.0007 1.0007 1.0007 1.0007 1.0007 1.0007 6.86 1.0 1.0 5000.0
33 5.6M-statue_of_liberty_original_model_version_2_517010.jpg 2200.0 1 1 1 1 1 1 1 1 1 5.99 1.0 1.0 5000.0
34 7.9M-craggy_rock_517201.jpg 2210.0 1 1 1 1 1 1 1 1 1 5.99 1.0 1.0 5000.0
35 4.0M-hi_there_513531.jpg 1219.0 1 1 1 1 1 1 1 1 1 5.99 1.0 1.0 5000.0
36 12M-disabled_fashion_513292.jpg 4240.0 1 1.0003 1.0003 1.0003 1.0003 1.0003 1.0003 1.0003 1.0003 6.75 1.0 1.0 5000.0
37 8.2M-my_soul_517211.jpg 2075.0 1 1 1 1 1 1 1 1 1 5.99 1.0 1.0 5000.0
38 4.5M-forest_513174.jpg 1322.0 1 1 1 1 1 1 1 1 1 5.99 1.0 1.0 5000.0
39 4.6M-german_air_force_a340_3001602_517125.jpg 1282.0 1 1 1 1 1 1 1 1 1 5.99 1.0 1.0 5000.0
40 6.1M-simple_landscape_2_515009.jpg 1309.0 1 1 1 1 1 1 1 1 1 5.99 1.0 1.0 5000.0
41 7.4M-ford_gt_35_15_516157.jpg 2668.0 1 1.0003 1.0003 1.0003 1.0003 1.0003 1.0003 1.0003 1.0003 4.83 1.0 1.0 5000.0
42 7.8M-heavy_snow_2_516009.jpg 1124.0 1 1 1 1 1 1 1 1 1 5.99 1.0 1.0 5000.0
43 6.1M-fire_514822.jpg 1678.0 1 1 1 1 1 1 1 1 1 5.99 1.0 1.0 5000.0
44 1.4M-leaves_of_grass_515433.jpg 2644.0 1 0.9989 0.9989 0.9989 0.9989 0.9989 0.9989 0.9989 0.9989 7.18 1.0 1.0 5000.0
45 30M-river_landscape_515440.jpg 3689.0 1 1 1 1 1 1 1 1 1 5.99 1.0 1.0 5000.0
46 2.5M-feliz_quinta_flower_513506.jpg 1410.0 1 1 1 1 1 1 1 1 1 5.99 1.0 1.0 5000.0
47 5.1M-itsthemensworld_514784.jpg 1931.0 1 1 1 1 1 1 1 1 1 5.99 1.0 1.0 5000.0
48 5.7M-forest_floor_515925.jpg 2033.0 1 1 1 1 1 1 1 1 1 5.99 1.0 1.0 5000.0
49 5.6M-pink_sorrel_515688.jpg 2245.0 1 1 1 1 1 1 1 1 1 5.99 1.0 1.0 5000.0
50 1.6M-lisbon_sunset_514529.jpg 1007.0 1 1 1 1 1 1 1 1 1 5.99 1.0 1.0 5000.0
51 4.5M-hunting_a_toy_514521.jpg 1485.0 1 1 1 1 1 1 1 1 1 5.99 1.0 1.0 5000.0
52 3.7M-south_boston_va_516934.jpg 1637.0 1 1 1 1 1 1 1 1 1 5.99 1.0 1.0 5000.0
53 5.7M-winter_in_leeds_513733.jpg 800.0 1 1 1 1 1 1 1 1 1 5.99 1.0 1.0 5000.0
54 2.9M-water_splash_515404.jpg 1627.0 1 1 1 1 1 1 1 1 1 5.99 1.0 1.0 5000.0
55 7.8M-26365_kitty_515094.jpg 1449.0 1 1 1 1 1 1 1 1 1 5.99 1.0 1.0 5000.0
56 4.0M-quotfrench_lacequot_rose_516786.jpg 2416.0 1 1 1 1 1 1 1 1 1 5.99 1.0 1.0 5000.0
57 13M-forest_515915.jpg 4959.0 1 0.9987 0.9987 0.9987 0.9987 0.9987 0.9987 0.9987 0.9987 8.06 1.0 1.0 5000.0
58 4.2M-praa_sands_2_516054.jpg 3351.0 1 1.0008 1.0008 1.0008 1.0008 1.0008 1.0008 1.0008 1.0008 6.0 1.0 1.0 5000.0
59 13M-st_basils_cathedral_2_516323.jpg 2496.0 1 1 1 1 1 1 1 1 1 5.99 1.0 1.0 5000.0
60 916K-pollution_2_514607.jpg 648.0 1 1 1 1 1 1 1 1 1 5.99 1.0 1.0 5000.0
61 1.6M-white_tulips_514483.jpg 2328.0 1 1 1 1 1 1 1 1 1 5.99 1.0 1.0 5000.0
62 4.6M-that_was_the_end_this_is_the_begining_513290.jpg 1038.0 1 1 1 1 1 1 1 1 1 5.99 1.0 1.0 5000.0
63 6.2M-dark_city_513227.jpg 1574.0 1 1 1 1 1 1 1 1 1 5.99 1.0 1.0 5000.0
64 4.9M-seeing_red_515961.jpg 1622.0 1 1 1 1 1 1 1 1 1 5.99 1.0 1.0 5000.0
65 2.4M-venice_in_winter_513381.jpg 1579.0 1 1 1 1 1 1 1 1 1 5.99 1.0 1.0 5000.0
66 3.8M-sunset_and_evening_2_of_2_515480.jpg 2481.0 1 0.9998 0.9998 0.9998 0.9998 0.9998 0.9998 0.9998 0.9998 6.82 1.0 1.0 5000.0
67 1.3M-one_tacky_cup_515072.jpg 1717.0 1 1 1 1 1 1 1 1 1 5.99 1.0 1.0 5000.0
68 9.2M-rose_2_514080.jpg 1388.0 1 1 1 1 1 1 1 1 1 5.99 1.0 1.0 5000.0
69 4.7M-cape_daisy_2_514383.jpg 1647.0 1 1 1 1 1 1 1 1 1 5.99 1.0 1.0 5000.0
70 5.7M-yantra_river_514678.jpg 1225.0 1 1 1 1 1 1 1 1 1 5.99 1.0 1.0 5000.0
71 3.5M-standing_restrictions_explored_14th_january_2013_46_513166.jpg 1128.0 1 1 1 1 1 1 1 1 1 5.99 1.0 1.0 5000.0
72 6.8M-eiffel_ice_516309.jpg 2107.0 1 1 1 1 1 1 1 1 1 5.99 1.0 1.0 5000.0
73 4.5M-more_toys_514506.jpg 968.0 1 1 1 1 1 1 1 1 1 5.99 1.0 1.0 5000.0
74 2.5M-fashion_cupcakes_513638.jpg 1274.0 1 1 1 1 1 1 1 1 1 5.99 1.0 1.0 5000.0
75 3.2M-heathcote_515292.jpg 894.0 1 1 1 1 1 1 1 1 1 5.99 1.0 1.0 5000.0
76 4.3M-sunset_and_evening_1_of_2_515486.jpg 2866.0 1 1.0 1.0 1.0 1.0 1.0 1.0 1.0 1.0 8.49 1.0 1.0 5000.0
77 5.9M-camping_516859.jpg 3039.0 1 1 1 1 1 1 1 1 1 5.99 1.0 1.0 5000.0
78 6.4M-peacock_butterfly_2_514342.jpg 1377.0 1 1 1 1 1 1 1 1 1 5.99 1.0 1.0 5000.0
79 3.9M-mouettes_seagulls_514235.jpg 1179.0 1 1 1 1 1 1 1 1 1 5.99 1.0 1.0 5000.0
80 1.7M-joe_joe_taking_flight_513760.jpg 123286.0 1 0.0 0.0 0.0 0.0 0.016666666666666666 0.0 0.0 0.9998999999999999 6.81 1.0 1.0 5000.0
81 2.5M-red_velvet_514717.jpg 1058.0 1 1 1 1 1 1 1 1 1 5.99 1.0 1.0 5000.0
82 1.4M-sunset_river_514676.jpg 1029.0 1 1 1 1 1 1 1 1 1 5.99 1.0 1.0 5000.0
83 17M-week_2_majestic_rock_514665.jpg 1964.0 1 1 1 1 1 1 1 1 1 5.99 1.0 1.0 5000.0
84 1.9M-walk_away_517169.jpg 1513.0 1 1 1 1 1 1 1 1 1 5.99 1.0 1.0 5000.0
85 3.0M-french_fries_516538.jpg 952.0 1 1 1 1 1 1 1 1 1 5.99 1.0 1.0 5000.0
86 4.1M-backlit_flower_513144.jpg 1851.0 1 1 1 1 1 1 1 1 1 5.99 1.0 1.0 5000.0
87 3.4M-glass_chess_2_515415.jpg 1692.0 1 1 1 1 1 1 1 1 1 5.99 1.0 1.0 5000.0
88 18M-sand_dunes_nightlife_516040.jpg 2455.0 1 1.0004 1.0004 1.0004 1.0004 1.0004 1.0004 1.0004 1.0004 5.54 1.0 1.0 5000.0
89 6.3M-cafe_coffe_515939.jpg 2298.0 1 1 1 1 1 1 1 1 1 5.99 1.0 1.0 5000.0
90 28M-the_river_514681.jpg 4310.0 1 0.9971 0.9971 0.9971 0.9971 0.9971 0.9971 0.9971 0.9971 8.34 1.0 1.0 5000.0
91 5.6M-statue_of_liberty_original_model_version_2_517010.jpg 2111.0 1 1 1 1 1 1 1 1 1 5.99 1.0 1.0 5000.0
92 7.9M-craggy_rock_517201.jpg 2111.0 1 1 1 1 1 1 1 1 1 5.99 1.0 1.0 5000.0
93 4.0M-hi_there_513531.jpg 1181.0 1 1 1 1 1 1 1 1 1 5.99 1.0 1.0 5000.0
94 12M-disabled_fashion_513292.jpg 4058.0 1 1.0022 1.0022 1.0022 1.0022 1.0022 1.0022 1.0022 1.0022 9.3 1.0 1.0 5000.0
95 8.2M-my_soul_517211.jpg 1960.0 1 1 1 1 1 1 1 1 1 5.99 1.0 1.0 5000.0
96 4.5M-forest_513174.jpg 1221.0 1 1 1 1 1 1 1 1 1 5.99 1.0 1.0 5000.0
97 4.6M-german_air_force_a340_3001602_517125.jpg 1234.0 1 1 1 1 1 1 1 1 1 5.99 1.0 1.0 5000.0
98 6.1M-simple_landscape_2_515009.jpg 1212.0 1 1 1 1 1 1 1 1 1 5.99 1.0 1.0 5000.0
99 7.4M-ford_gt_35_15_516157.jpg 2535.0 1 1 1 1 1 1 1 1 1 5.99 1.0 1.0 5000.0
100 7.8M-heavy_snow_2_516009.jpg 1089.0 1 1 1 1 1 1 1 1 1 5.99 1.0 1.0 5000.0
101 6.1M-fire_514822.jpg 121731.0 1 0.0 0.0 0.0 0.0 0.015588135593220339 0.0 0.0 0.9197 3.61 1.0 1.0 5000.0
102 1.4M-leaves_of_grass_515433.jpg 2575.0 1 1 1 1 1 1 1 1 1 5.99 1.0 1.0 5000.0
103 30M-river_landscape_515440.jpg 3440.0 1 1.0001 1.0001 1.0001 1.0001 1.0001 1.0001 1.0001 1.0001 7.43 1.0 1.0 5000.0
104 2.5M-feliz_quinta_flower_513506.jpg 1302.0 1 1 1 1 1 1 1 1 1 5.99 1.0 1.0 5000.0
105 5.1M-itsthemensworld_514784.jpg 1865.0 1 1 1 1 1 1 1 1 1 5.99 1.0 1.0 5000.0
106 5.7M-forest_floor_515925.jpg 1909.0 1 1 1 1 1 1 1 1 1 5.99 1.0 1.0 5000.0
107 5.6M-pink_sorrel_515688.jpg 122189.0 1 0.0 0.0 0.0 0.0 0.016700000000000003 0.0 0.0 1.002 4.45 1.0 1.0 5000.0
108 1.6M-lisbon_sunset_514529.jpg 932.0 1 1 1 1 1 1 1 1 1 5.99 1.0 1.0 5000.0
109 4.5M-hunting_a_toy_514521.jpg 1423.0 1 1 1 1 1 1 1 1 1 5.99 1.0 1.0 5000.0
110 3.7M-south_boston_va_516934.jpg 1504.0 1 1 1 1 1 1 1 1 1 5.99 1.0 1.0 5000.0
111 5.7M-winter_in_leeds_513733.jpg 777.0 1 1 1 1 1 1 1 1 1 5.99 1.0 1.0 5000.0
112 2.9M-water_splash_515404.jpg 1589.0 1 1 1 1 1 1 1 1 1 5.99 1.0 1.0 5000.0
113 7.8M-26365_kitty_515094.jpg 1421.0 1 1 1 1 1 1 1 1 1 5.99 1.0 1.0 5000.0
114 4.0M-quotfrench_lacequot_rose_516786.jpg 2333.0 1 1 1 1 1 1 1 1 1 5.99 1.0 1.0 5000.0
115 13M-forest_515915.jpg 4943.0 1 0.9964 0.9969899999999999 0.9978750000000001 0.9993500000000001 0.9993500000000001 1.0008249999999999 1.00171 1.0023 13.75 1.0 1.0 5000.0
116 4.2M-praa_sands_2_516054.jpg 3340.0 1 1 1 1 1 1 1 1 1 5.99 1.0 1.0 5000.0
117 13M-st_basils_cathedral_2_516323.jpg 2332.0 1 1 1 1 1 1 1 1 1 5.99 1.0 1.0 5000.0
118 916K-pollution_2_514607.jpg 607.0 1 1 1 1 1 1 1 1 1 5.99 1.0 1.0 5000.0
