2.9M-water_splash_515404.jpg 2007.0 1.0 1.0 1.0 1.0 1.0 1.0 1.0 1.0 1.0 6.88906759723519 10.0 5000.0
7.4M-ford_gt_35_15_516157.jpg 2710.0 1.0 1.0 1.0 1.0 1.0 1.0 1.0 1.0 1.0 7.066727225864203 10.0 5000.0
6.2M-dark_city_513227.jpg 1585.0 1.0 1.0 1.0 1.0 1.0 1.0 1.0 1.0 1.0 6.5704027633965465 10.0 5000.0
5.7M-winter_in_leeds_513733.jpg 844.0 1.0 1.0 1.0 1.0 1.0 1.0 1.0 1.0 1.0 7.879482224022905 10.0 5000.0
9.2M-rose_2_514080.jpg 1420.0 1.0 1.0 1.0 1.0 1.0 1.0 1.0 1.0 1.0 7.1690883622618395 10.0 5000.0
3.0M-french_fries_516538.jpg 955.0 1.0 1.0 1.0 1.0 1.0 1.0 1.0 1.0 1.0 6.286016061493852 10.0 5000.0
30M-river_landscape_515440.jpg 3526.0 2 1.002 1.002 1.002 1.002 1.002 1.002 1.002 1.002 7.6 10.0 5000.0
3.2M-heathcote_515292.jpg 892.0 1.0 1.0 1.0 1.0 1.0 1.0 1.0 1.0 1.0 7.3423976012176135 10.0 5000.0
5.6M-statue_of_liberty_original_model_version_2_517010.jpg 2115.0 1.0 1.0 1.0 1.0 1.0 1.0 1.0 1.0 1.0 7.608029532496169 10.0 5000.0
1.6M-lisbon_sunset_514529.jpg 120973.0 0 0.0 0.0 0.0 0.0 0.0 0.0 0.0 0.0 1.22 10.0 5000.0
4.7M-cape_daisy_2_514383.jpg 2165.0 1.0 1.0 1.0 1.0 1.0 1.0 1.0 1.0 1.0 6.586114897518889 2.0 5000.0
4.6M-that_was_the_end_this_is_the_begining_513290.jpg 985.0 1.0 1.0 1.0 1.0 1.0 1.0 1.0 1.0 1.0 6.084669247706738 2.0 5000.0
7.8M-heavy_snow_2_516009.jpg 1840.0 1.0 1.0 1.0 1.0 1.0 1.0 1.0 1.0 1.0 7.328464172299505 1.0 5000.0
7.9M-craggy_rock_517201.jpg 2744.0 1.0 1.0 1.0 1.0 1.0 1.0 1.0 1.0 1.0 6.118497957327955 2.0 5000.0
4.3M-sunset_and_evening_1_of_2_515486.jpg 2997.0 1 1.0 1.0 1.0 1.0 1.0 1.0 1.0 1.0 7.23 2.0 5000.0
1.9M-walk_away_517169.jpg 2313.0 1.0 1.0 1.0 1.0 1.0 1.0 1.0 1.0 1.0 7.530864050731856 1.0 5000.0
3.4M-glass_chess_2_515415.jpg 1762.0 1.0 1.0 1.0 1.0 1.0 1.0 1.0 1.0 1.0 7.525441966431282 1.0 5000.0
12M-disabled_fashion_513292.jpg 4820.0 2 1.0024 1.0024 1.0024 1.0024 1.0024 1.0024 1.0024 1.0024 6.49 2.0 5000.0
2.5M-red_velvet_514717.jpg 1810.0 1.0 1.0 1.0 1.0 1.0 1.0 1.0 1.0 1.0 7.347457975514282 1.0 5000.0
5.6M-pink_sorrel_515688.jpg 2164.0 1.0 1.0 1.0 1.0 1.0 1.0 1.0 1.0 1.0 7.897668128530091 1.0 5000.0
6.3M-cafe_coffe_515939.jpg 122527.0 2 0.0 0.0 0.0 0.0 0.016962711864406777 0.0 0.0 1.0008 5.46 1.0 5000.0
5.7M-forest_floor_515925.jpg 2026.0 1.0 1.0 1.0 1.0 1.0 1.0 1.0 1.0 1.0 7.538181914137476 1.0 5000.0
3.8M-sunset_and_evening_2_of_2_515480.jpg 3132.0 1.0 1.0 1.0 1.0 1.0 1.0 1.0 1.0 1.0 6.9078422651488 2.0 5000.0
2.5M-feliz_quinta_flower_513506.jpg 2124.0 1.0 1.0 1.0 1.0 1.0 1.0 1.0 1.0 1.0 6.973720048563659 1.0 5000.0
1.4M-leaves_of_grass_515433.jpg 2629.0 1.0 1.0 1.0 1.0 1.0 1.0 1.0 1.0 1.0 7.957300678618082 1.0 5000.0
4.0M-hi_there_513531.jpg 1806.0 1.0 1.0 1.0 1.0 1.0 1.0 1.0 1.0 1.0 7.0045351887702685 2.0 5000.0
17M-week_2_majestic_rock_514665.jpg 2084.0 1.0 1.0 1.0 1.0 1.0 1.0 1.0 1.0 1.0 6.3024243257142905 2.0 5000.0
1.6M-white_tulips_514483.jpg 3117.0 1.0 1.0 1.0 1.0 1.0 1.0 1.0 1.0 1.0 7.414381158829818 1.0 5000.0
6.4M-peacock_butterfly_2_514342.jpg 1967.0 1.0 1.0 1.0 1.0 1.0 1.0 1.0 1.0 1.0 7.494612049728033 2.0 5000.0
5.7M-yantra_river_514678.jpg 2025.0 1.0 1.0 1.0 1.0 1.0 1.0 1.0 1.0 1.0 6.294651946488699 1.0 5000.0
4.1M-backlit_flower_513144.jpg 1924.0 1.0 1.0 1.0 1.0 1.0 1.0 1.0 1.0 1.0 6.581411804316668 1.0 5000.0
5.9M-camping_516859.jpg 3552.0 1 0.9987 0.9987 0.9987 0.9987 0.9987 0.9987 0.9987 0.9987 8.41 2.0 5000.0
6.8M-eiffel_ice_516309.jpg 2835.0 1.0 1.0 1.0 1.0 1.0 1.0 1.0 1.0 1.0 7.263546009125331 1.0 5000.0
4.9M-seeing_red_515961.jpg 1632.0 1.0 1.0 1.0 1.0 1.0 1.0 1.0 1.0 1.0 7.421184801623463 1.0 5000.0
13M-st_basils_cathedral_2_516323.jpg 2405.0 2 1.0012 1.0012 1.0012 1.0012 1.0012 1.0012 1.0012 1.0012 5.95 1.0 5000.0
4.2M-praa_sands_2_516054.jpg 3345.0 1.0 1.0 1.0 1.0 1.0 1.0 1.0 1.0 1.0 7.4746217147689205 1.0 5000.0
5.1M-itsthemensworld_514784.jpg 2394.0 1.0 1.0 1.0 1.0 1.0 1.0 1.0 1.0 1.0 6.5739562135326075 2.0 5000.0
2.5M-fashion_cupcakes_513638.jpg 2068.0 1.0 1.0 1.0 1.0 1.0 1.0 1.0 1.0 1.0 6.979059834771748 1.0 5000.0
6.1M-simple_landscape_2_515009.jpg 1844.0 1.0 1.0 1.0 1.0 1.0 1.0 1.0 1.0 1.0 7.400464725895958 2.0 5000.0
4.5M-hunting_a_toy_514521.jpg 1501.0 1.0 1.0 1.0 1.0 1.0 1.0 1.0 1.0 1.0 7.412051066001633 2.0 5000.0
3.5M-standing_restrictions_explored_14th_january_2013_46_513166.jpg 1797.0 1.0 1.0 1.0 1.0 1.0 1.0 1.0 1.0 1.0 7.526663929210919 1.0 5000.0
4.5M-more_toys_514506.jpg 1003.0 1.0 1.0 1.0 1.0 1.0 1.0 1.0 1.0 1.0 7.313710828785705 1.0 5000.0
916K-pollution_2_514607.jpg 1213.0 1.0 1.0 1.0 1.0 1.0 1.0 1.0 1.0 1.0 6.305495004800479 2.0 5000.0
8.2M-my_soul_517211.jpg 2017.0 1.0 1.0 1.0 1.0 1.0 1.0 1.0 1.0 1.0 6.76408655550258 2.0 5000.0
13M-forest_515915.jpg 5081.0 2 1.0014 1.0014100000000001 1.0014250000000002 1.0014500000000002 1.0014500000000002 1.0014750000000001 1.00149 1.0015 11.79 2.0 5000.0
2.4M-venice_in_winter_513381.jpg 2204.0 1.0 1.0 1.0 1.0 1.0 1.0 1.0 1.0 1.0 6.9705496279727495 1.0 5000.0
4.5M-forest_513174.jpg 1830.0 1.0 1.0 1.0 1.0 1.0 1.0 1.0 1.0 1.0 7.714337449858165 2.0 5000.0
4.0M-quotfrench_lacequot_rose_516786.jpg 3119.0 1.0 1.0 1.0 1.0 1.0 1.0 1.0 1.0 1.0 7.073063829068253 1.0 5000.0
1.3M-one_tacky_cup_515072.jpg 2274.0 1.0 1.0 1.0 1.0 1.0 1.0 1.0 1.0 1.0 6.674026659112547 2.0 5000.0
18M-sand_dunes_nightlife_516040.jpg 3273.0 2 1.0003 1.0003 1.0003 1.0003 1.0003 1.0003 1.0003 1.0003 5.46 1.0 5000.0
28M-the_river_514681.jpg 5016.0 2 1.0006 1.0006 1.0006 1.0006 1.0006 1.0006 1.0006 1.0006 7.94 2.0 5000.0
4.6M-german_air_force_a340_3001602_517125.jpg 2128.0 1.0 1.0 1.0 1.0 1.0 1.0 1.0 1.0 1.0 7.087179949813291 1.0 5000.0
1.7M-joe_joe_taking_flight_513760.jpg 3290.0 2 1.0025 1.0025 1.0025 1.0025 1.0025 1.0025 1.0025 1.0025 7.9 1.0 5000.0
7.8M-26365_kitty_515094.jpg 2037.0 1.0 1.0 1.0 1.0 1.0 1.0 1.0 1.0 1.0 7.298591105885305 2.0 5000.0
1.4M-sunset_river_514676.jpg 1698.0 1.0 1.0 1.0 1.0 1.0 1.0 1.0 1.0 1.0 6.813944482328265 1.0 5000.0
3.7M-south_boston_va_516934.jpg 2026.0 1.0 1.0 1.0 1.0 1.0 1.0 1.0 1.0 1.0 6.199076775741931 2.0 5000.0
3.9M-mouettes_seagulls_514235.jpg 1207.0 1.0 1.0 1.0 1.0 1.0 1.0 1.0 1.0 1.0 6.796844103765514 2.0 5000.0
6.1M-fire_514822.jpg 1669.0 1.0 1.0 1.0 1.0 1.0 1.0 1.0 1.0 1.0 6.635126117941637 2.0 5000.0
2.9M-water_splash_515404.jpg 1595.0 1.0 1.0 1.0 1.0 1.0 1.0 1.0 1.0 1.0 6.768580815865761 2.0 5000.0
7.4M-ford_gt_35_15_516157.jpg 2544.0 1 0.9995 0.9995 0.9995 0.9995 0.9995 0.9995 0.9995 0.9995 6.23 2.0 5000.0
6.2M-dark_city_513227.jpg 1479.0 1.0 1.0 1.0 1.0 1.0 1.0 1.0 1.0 1.0 6.589167962348663 2.0 5000.0
5.7M-winter_in_leeds_513733.jpg 776.0 1.0 1.0 1.0 1.0 1.0 1.0 1.0 1.0 1.0 7.292579480581034 2.0 5000.0
9.2M-rose_2_514080.jpg 1389.0 1.0 1.0 1.0 1.0 1.0 1.0 1.0 1.0 1.0 7.4733760366666 2.0 5000.0
3.0M-french_fries_516538.jpg 1630.0 1.0 1.0 1.0 1.0 1.0 1.0 1.0 1.0 1.0 7.904099264347295 1.0 5000.0
30M-river_landscape_515440.jpg 4019.0 1 0.997 0.997 0.997 0.997 0.997 0.997 0.997 0.997 7.13 2.0 5000.0
3.2M-heathcote_515292.jpg 1642.0 1.0 1.0 1.0 1.0 1.0 1.0 1.0 1.0 1.0 7.374472366041515 1.0 5000.0
5.6M-statue_of_liberty_original_model_version_2_517010.jpg 2714.0 1.0 1.0 1.0 1.0 1.0 1.0 1.0 1.0 1.0 6.764176364144182 2.0 5000.0
1.6M-lisbon_sunset_514529.jpg 1735.0 1.0 1.0 1.0 1.0 1.0 1.0 1.0 1.0 1.0 7.569178532460457 1.0 5000.0
4.7M-cape_daisy_2_514383.jpg 2124.0 1.0 1.0 1.0 1.0 1.0 1.0 1.0 1.0 1.0 7.916442546844546 2.0 5000.0
4.6M-that_was_the_end_this_is_the_begining_513290.jpg 1741.0 1.0 1.0 1.0 1.0 1.0 1.0 1.0 1.0 1.0 6.615849861252718 1.0 5000.0
7.8M-heavy_snow_2_516009.jpg 1611.0 1.0 1.0 1.0 1.0 1.0 1.0 1.0 1.0 1.0 6.324938119638627 2.0 5000.0
7.9M-craggy_rock_517201.jpg 2141.0 1 0.9998999999999999 0.9998999999999999 0.9998999999999999 0.9998999999999999 0.9998999999999999 0.9998999999999999 0.9998999999999999 0.9998999999999999 5.81 2.0 5000.0
4.3M-sunset_and_evening_1_of_2_515486.jpg 3565.0 2 1.001 1.001 1.001 1.001 1.001 1.001 1.001 1.001 6.73 1.0 5000.0
1.9M-walk_away_517169.jpg 2031.0 1.0 1.0 1.0 1.0 1.0 1.0 1.0 1.0 1.0 6.669866387377194 2.0 5000.0
3.4M-glass_chess_2_515415.jpg 1722.0 1.0 1.0 1.0 1.0 1.0 1.0 1.0 1.0 1.0 7.935227754261581 2.0 5000.0
12M-disabled_fashion_513292.jpg 4211.0 1 0.9991 0.9991 0.9991 0.9991 0.9991 0.9991 0.9991 0.9991 9.96 2.0 5000.0
2.5M-red_velvet_514717.jpg 1059.0 1.0 1.0 1.0 1.0 1.0 1.0 1.0 1.0 1.0 6.971089137454876 2.0 5000.0
5.6M-pink_sorrel_515688.jpg 2135.0 1.0 1.0 1.0 1.0 1.0 1.0 1.0 1.0 1.0 6.703673490362105 2.0 5000.0
6.3M-cafe_coffe_515939.jpg 2376.0 1 0.9979 0.9979 0.9979 0.9979 0.9979 0.9979 0.9979 0.9979 5.37 2.0 5000.0
5.7M-forest_floor_515925.jpg 1972.0 1.0 1.0 1.0 1.0 1.0 1.0 1.0 1.0 1.0 7.812930945677126 2.0 5000.0
3.8M-sunset_and_evening_2_of_2_515480.jpg 2598.0 1.0 1.0 1.0 1.0 1.0 1.0 1.0 1.0 1.0 6.96706679876219 2.0 5000.0
2.5M-feliz_quinta_flower_513506.jpg 2140.0 1.0 1.0 1.0 1.0 1.0 1.0 1.0 1.0 1.0 7.976604548712246 1.0 5000.0
1.4M-leaves_of_grass_515433.jpg 3130.0 1.0 1.0 1.0 1.0 1.0 1.0 1.0 1.0 1.0 6.397618074877471 2.0 5000.0
4.0M-hi_there_513531.jpg 1226.0 1.0 1.0 1.0 1.0 1.0 1.0 1.0 1.0 1.0 7.2362103991833875 2.0 5000.0
17M-week_2_majestic_rock_514665.jpg 1953.0 1.0 1.0 1.0 1.0 1.0 1.0 1.0 1.0 1.0 6.91276904897465 2.0 5000.0
1.6M-white_tulips_514483.jpg 2219.0 1.0 1.0 1.0 1.0 1.0 1.0 1.0 1.0 1.0 6.921060840673845 2.0 5000.0
6.4M-peacock_butterfly_2_514342.jpg 1373.0 1.0 1.0 1.0 1.0 1.0 1.0 1.0 1.0 1.0 7.691421618024413 2.0 5000.0
5.7M-yantra_river_514678.jpg 1221.0 1.0 1.0 1.0 1.0 1.0 1.0 1.0 1.0 1.0 6.962880994395489 2.0 5000.0
4.1M-backlit_flower_513144.jpg 1831.0 1.0 1.0 1.0 1.0 1.0 1.0 1.0 1.0 1.0 6.697223979190442 2.0 5000.0
5.9M-camping_516859.jpg 3000.0 1 1.0 1.0 1.0 1.0 1.0 1.0 1.0 1.0 7.01 2.0 5000.0
6.8M-eiffel_ice_516309.jpg 2084.0 1.0 1.0 1.0 1.0 1.0 1.0 1.0 1.0 1.0 7.695882706537442 2.0 5000.0
4.9M-seeing_red_515961.jpg 1582.0 1.0 1.0 1.0 1.0 1.0 1.0 1.0 1.0 1.0 6.01764481978122 2.0 5000.0
13M-st_basils_cathedral_2_516323.jpg 2327.0 1.0 1.0 1.0 1.0 1.0 1.0 1.0 1.0 1.0 7.807802844201566 2.0 5000.0
4.2M-praa_sands_2_516054.jpg 3199.0 1.0 1.0 1.0 1.0 1.0 1.0 1.0 1.0 1.0 6.508714703602259 2.0 5000.0
5.1M-itsthemensworld_514784.jpg 1846.0 1.0 1.0 1.0 1.0 1.0 1.0 1.0 1.0 1.0 7.463856563974275 2.0 5000.0
2.5M-fashion_cupcakes_513638.jpg 1968.0 1.0 1.0 1.0 1.0 1.0 1.0 1.0 1.0 1.0 6.871546273465227 1.0 5000.0
6.1M-simple_landscape_2_515009.jpg 1814.0 1.0 1.0 1.0 1.0 1.0 1.0 1.0 1.0 1.0 6.789528586105728 2.0 5000.0
4.5M-hunting_a_toy_514521.jpg 1526.0 1.0 1.0 1.0 1.0 1.0 1.0 1.0 1.0 1.0 7.899500722075919 2.0 5000.0
3.5M-standing_restrictions_explored_14th_january_2013_46_513166.jpg 1174.0 1.0 1.0 1.0 1.0 1.0 1.0 1.0 1.0 1.0 7.621256352771914 2.0 5000.0
4.5M-more_toys_514506.jpg 1687.0 1.0 1.0 1.0 1.0 1.0 1.0 1.0 1.0 1.0 7.911266431302629 1.0 5000.0
916K-pollution_2_514607.jpg 630.0 1.0 1.0 1.0 1.0 1.0 1.0 1.0 1.0 1.0 7.901494426461977 1.0 5000.0
8.2M-my_soul_517211.jpg 2565.0 1.0 1.0 1.0 1.0 1.0 1.0 1.0 1.0 1.0 6.6453586500789585 2.0 5000.0
13M-forest_515915.jpg 5163.0 2 1.0025 1.0025 1.0025 1.0025 1.0025 1.0025 1.0025 1.0025 7.68 2.0 5000.0
2.4M-venice_in_winter_513381.jpg 1628.0 1.0 1.0 1.0 1.0 1.0 1.0 1.0 1.0 1.0 6.791809931768397 2.0 5000.0
4.5M-forest_513174.jpg 1302.0 1.0 1.0 1.0 1.0 1.0 1.0 1.0 1.0 1.0 7.29757627845739 2.0 5000.0
4.0M-quotfrench_lacequot_rose_516786.jpg 3123.0 1.0 1.0 1.0 1.0 1.0 1.0 1.0 1.0 1.0 6.573572661877668 1.0 5000.0
1.3M-one_tacky_cup_515072.jpg 2314.0 1.0 1.0 1.0 1.0 1.0 1.0 1.0 1.0 1.0 7.465904606022717 2.0 5000.0
18M-sand_dunes_nightlife_516040.jpg 2598.0 1.0 1.0 1.0 1.0 1.0 1.0 1.0 1.0 1.0 6.82882088105206 2.0 5000.0
28M-the_river_514681.jpg 4444.0 1 0.9994 0.9994299999999999 0.9994749999999999 0.9995499999999999 0.9995499999999999 0.9996249999999999 0.99967 0.9997 11.52 2.0 5000.0
4.6M-german_air_force_a340_3001602_517125.jpg 1989.0 1.0 1.0 1.0 1.0 1.0 1.0 1.0 1.0 1.0 7.102369046435367 1.0 5000.0
1.7M-joe_joe_taking_flight_513760.jpg 3773.0 1.0 1.0 1.0 1.0 1.0 1.0 1.0 1.0 1.0 6.007387821636788 2.0 5000.0
7.8M-26365_kitty_515094.jpg 1505.0 1.0 1.0 1.0 1.0 1.0 1.0 1.0 1.0 1.0 6.816189048761263 2.0 5000.0
1.4M-sunset_river_514676.jpg 1762.0 1.0 1.0 1.0 1.0 1.0 1.0 1.0 1.0 1.0 6.051221969770273 1.0 5000.0
3.7M-south_boston_va_516934.jpg 2102.0 1.0 1.0 1.0 1.0 1.0 1.0 1.0 1.0 1.0 7.665050637392962 2.0 5000.0
3.9M-mouettes_seagulls_514235.jpg 1284.0 1.0 1.0 1.0 1.0 1.0 1.0 1.0 1.0 1.0 6.167325317720224 2.0 5000.0
6.1M-fire_514822.jpg 1725.0 1.0 1.0 1.0 1.0 1.0 1.0 1.0 1.0 1.0 7.9923551294300355 2.0 5000.0
2.9M-water_splash_515404.jpg 1658.0 1.0 1.0 1.0 1.0 1.0 1.0 1.0 1.0 1.0 6.424446028978541 2.0 5000.0
7.4M-ford_gt_35_15_516157.jpg 2640.0 1 0.9987999999999999 0.9987999999999999 0.9987999999999999 0.9987999999999999 0.9987999999999999 0.9987999999999999 0.9987999999999999 0.9987999999999999 6.0 2.0 5000.0
6.2M-dark_city_513227.jpg 1513.0 1.0 1.0 1.0 1.0 1.0 1.0 1.0 1.0 1.0 6.379441557368995 2.0 5000.0
5.7M-winter_in_leeds_513733.jpg 1499.0 1.0 1.0 1.0 1.0 1.0 1.0 1.0 1.0 1.0 6.863388895521857 1.0 5000.0
9.2M-rose_2_514080.jpg 1970.0 1.0 1.0 1.0 1.0 1.0 1.0 1.0 1.0 1.0 7.737968451058197 2.0 5000.0
3.0M-french_fries_516538.jpg 1712.0 1.0 1.0 1.0 1.0 1.0 1.0 1.0 1.0 1.0 7.861944513552857 1.0 5000.0
30M-river_landscape_515440.jpg 4048.0 2 1.0008 1.0008 1.0008 1.0008 1.0008 1.0008 1.0008 1.0008 8.6 2.0 5000.0
3.2M-heathcote_515292.jpg 1658.0 1.0 1.0 1.0 1.0 1.0 1.0 1.0 1.0 1.0 6.227024751904379 1.0 5000.0
5.6M-statue_of_liberty_original_model_version_2_517010.jpg 2192.0 1.0 1.0 1.0 1.0 1.0 1.0 1.0 1.0 1.0 7.040849973629584 1.0 5000.0
1.6M-lisbon_sunset_514529.jpg 990.0 1.0 1.0 1.0 1.0 1.0 1.0 1.0 1.0 1.0 7.639456357606875 1.0 5000.0
4.7M-cape_daisy_2_514383.jpg 2257.0 1.0 1.0 1.0 1.0 1.0 1.0 1.0 1.0 1.0 6.90080822964672 2.0 5000.0
4.6M-that_was_the_end_this_is_the_begining_513290.jpg 1729.0 1.0 1.0 1.0 1.0 1.0 1.0 1.0 1.0 1.0 6.004164351870916 1.0 5000.0
7.8M-heavy_snow_2_516009.jpg 1696.0 1.0 1.0 1.0 1.0 1.0 1.0 1.0 1.0 1.0 7.391345994917161 2.0 5000.0
7.9M-craggy_rock_517201.jpg 2205.0 1.0 1.0 1.0 1.0 1.0 1.0 1.0 1.0 1.0 6.649403400600348 2.0 5000.0
4.3M-sunset_and_evening_1_of_2_515486.jpg 2895.0 1.0 1.0 1.0 1.0 1.0 1.0 1.0 1.0 1.0 6.791665718810057 2.0 5000.0
1.9M-walk_away_517169.jpg 2356.0 1.0 1.0 1.0 1.0 1.0 1.0 1.0 1.0 1.0 7.773744825482187 1.0 5000.0
3.4M-glass_chess_2_515415.jpg 2253.0 1.0 1.0 1.0 1.0 1.0 1.0 1.0 1.0 1.0 6.11567527008309 2.0 5000.0
12M-disabled_fashion_513292.jpg 4293.0 1 0.9998999999999999 0.9998999999999999 0.9998999999999999 0.9998999999999999 0.9998999999999999 0.9998999999999999 0.9998999999999999 0.9998999999999999 7.77 2.0 5000.0
2.5M-red_velvet_514717.jpg 1119.0 1.0 1.0 1.0 1.0 1.0 1.0 1.0 1.0 1.0 6.351017412551454 2.0 5000.0
5.6M-pink_sorrel_515688.jpg 2230.0 1.0 1.0 1.0 1.0 1.0 1.0 1.0 1.0 1.0 6.514007872466843 2.0 5000.0
6.3M-cafe_coffe_515939.jpg 3129.0 1.0 1.0 1.0 1.0 1.0 1.0 1.0 1.0 1.0 6.258993694424297 1.0 5000.0
5.7M-forest_floor_515925.jpg 2037.0 1.0 1.0 1.0 1.0 1.0 1.0 1.0 1.0 1.0 7.250605162617138 1.0 5000.0
3.8M-sunset_and_evening_2_of_2_515480.jpg 3121.0 1.0 1.0 1.0 1.0 1.0 1.0 1.0 1.0 1.0 6.551725450166029 2.0 5000.0
2.5M-feliz_quinta_flower_513506.jpg 2118.0 1.0 1.0 1.0 1.0 1.0 1.0 1.0 1.0 1.0 7.1646475851191616 1.0 5000.0
1.4M-leaves_of_grass_515433.jpg 3153.0 1.0 1.0 1.0 1.0 1.0 1.0 1.0 1.0 1.0 6.532231776337302 2.0 5000.0
4.0M-hi_there_513531.jpg 1228.0 1.0 1.0 1.0 1.0 1.0 1.0 1.0 1.0 1.0 6.0416310030482645 2.0 5000.0
17M-week_2_majestic_rock_514665.jpg 1992.0 1.0 1.0 1.0 1.0 1.0 1.0 1.0 1.0 1.0 6.294036326516257 2.0 5000.0
1.6M-white_tulips_514483.jpg 2278.0 1.0 1.0 1.0 1.0 1.0 1.0 1.0 1.0 1.0 7.581018715596325 2.0 5000.0
6.4M-peacock_butterfly_2_514342.jpg 1429.0 1.0 1.0 1.0 1.0 1.0 1.0 1.0 1.0 1.0 7.126137400355648 2.0 5000.0
5.7M-yantra_river_514678.jpg 2051.0 1.0 1.0 1.0 1.0 1.0 1.0 1.0 1.0 1.0 7.110994632307835 1.0 5000.0
4.1M-backlit_flower_513144.jpg 1909.0 1.0 1.0 1.0 1.0 1.0 1.0 1.0 1.0 1.0 6.477346862683097 1.0 5000.0
5.9M-camping_516859.jpg 3655.0 2 1.001 1.001 1.001 1.001 1.001 1.001 1.001 1.001 7.62 2.0 5000.0
6.8M-eiffel_ice_516309.jpg 2202.0 1.0 1.0 1.0 1.0 1.0 1.0 1.0 1.0 1.0 6.946093497928186 2.0 5000.0
4.9M-seeing_red_515961.jpg 1697.0 1.0 1.0 1.0 1.0 1.0 1.0 1.0 1.0 1.0 6.09134095388416 2.0 5000.0
13M-st_basils_cathedral_2_516323.jpg 2494.0 1.0 1.0 1.0 1.0 1.0 1.0 1.0 1.0 1.0 6.337583722587026 2.0 5000.0
4.2M-praa_sands_2_516054.jpg 3412.0 1 0.9976999999999999 0.9976999999999999 0.9976999999999999 0.9976999999999999 0.9976999999999999 0.9976999999999999 0.9976999999999999 0.9976999999999999 8.09 2.0 5000.0
5.1M-itsthemensworld_514784.jpg 1988.0 1.0 1.0 1.0 1.0 1.0 1.0 1.0 1.0 1.0 7.067164659016416 2.0 5000.0
2.5M-fashion_cupcakes_513638.jpg 2073.0 1.0 1.0 1.0 1.0 1.0 1.0 1.0 1.0 1.0 7.120486039118649 1.0 5000.0
6.1M-simple_landscape_2_515009.jpg 1766.0 1.0 1.0 1.0 1.0 1.0 1.0 1.0 1.0 1.0 6.415208726907277 2.0 5000.0
4.5M-hunting_a_toy_514521.jpg 1445.0 1.0 1.0 1.0 1.0 1.0 1.0 1.0 1.0 1.0 6.525517752906695 2.0 5000.0
3.5M-standing_restrictions_explored_14th_january_2013_46_513166.jpg 1868.0 1.0 1.0 1.0 1.0 1.0 1.0 1.0 1.0 1.0 6.033151256782093 1.0 5000.0
4.5M-more_toys_514506.jpg 998.0 1.0 1.0 1.0 1.0 1.0 1.0 1.0 1.0 1.0 7.716078765310531 1.0 5000.0
916K-pollution_2_514607.jpg 670.0 1.0 1.0 1.0 1.0 1.0 1.0 1.0 1.0 1.0 6.861758606666543 1.0 5000.0
8.2M-my_soul_517211.jpg 2583.0 1.0 1.0 1.0 1.0 1.0 1.0 1.0 1.0 1.0 6.98407495496382 2.0 5000.0
13M-forest_515915.jpg 5018.0 2 1.0008 1.0008 1.0008 1.0008 1.0008 1.0008 1.0008 1.0008 7.34 2.0 5000.0
2.4M-venice_in_winter_513381.jpg 1642.0 1.0 1.0 1.0 1.0 1.0 1.0 1.0 1.0 1.0 6.154110708080107 2.0 5000.0
4.5M-forest_513174.jpg 1309.0 1.0 1.0 1.0 1.0 1.0 1.0 1.0 1.0 1.0 6.482174513940108 2.0 5000.0
4.0M-quotfrench_lacequot_rose_516786.jpg 3204.0 1 1.0 1.0 1.0 1.0 1.0 1.0 1.0 1.0 5.04 1.0 5000.0
1.3M-one_tacky_cup_515072.jpg 2337.0 1.0 1.0 1.0 1.0 1.0 1.0 1.0 1.0 1.0 6.452418269173776 2.0 5000.0
18M-sand_dunes_nightlife_516040.jpg 2538.0 1.0 1.0 1.0 1.0 1.0 1.0 1.0 1.0 1.0 7.4506338749599585 2.0 5000.0
28M-the_river_514681.jpg 4473.0 1 0.9989 0.9989 0.9989 0.9989 0.9989 0.9989 0.9989 0.9989 5.69 2.0 5000.0
4.6M-german_air_force_a340_3001602_517125.jpg 2004.0 1.0 1.0 1.0 1.0 1.0 1.0 1.0 1.0 1.0 6.700601313829882 1.0 5000.0
1.7M-joe_joe_taking_flight_513760.jpg 3975.0 1 0.997 0.997 0.997 0.997 0.997 0.997 0.997 0.997 7.4 2.0 5000.0
7.8M-26365_kitty_515094.jpg 1507.0 1.0 1.0 1.0 1.0 1.0 1.0 1.0 1.0 1.0 7.799616202009963 2.0 5000.0
1.4M-sunset_river_514676.jpg 1816.0 1.0 1.0 1.0 1.0 1.0 1.0 1.0 1.0 1.0 7.379773162488998 1.0 5000.0
3.7M-south_boston_va_516934.jpg 2145.0 1.0 1.0 1.0 1.0 1.0 1.0 1.0 1.0 1.0 6.08887882896804 2.0 5000.0
3.9M-mouettes_seagulls_514235.jpg 1264.0 1.0 1.0 1.0 1.0 1.0 1.0 1.0 1.0 1.0 7.40569517290768 2.0 5000.0
6.1M-fire_514822.jpg 2257.0 1.0 1.0 1.0 1.0 1.0 1.0 1.0 1.0 1.0 6.044781849881218 1.0 5000.0
2.9M-water_splash_515404.jpg 2169.0 1.0 1.0 1.0 1.0 1.0 1.0 1.0 1.0 1.0 7.088979764959895 2.0 5000.0
7.4M-ford_gt_35_15_516157.jpg 2653.0 1.0 1.0 1.0 1.0 1.0 1.0 1.0 1.0 1.0 7.7304666986884545 2.0 5000.0
6.2M-dark_city_513227.jpg 1567.0 1.0 1.0 1.0 1.0 1.0 1.0 1.0 1.0 1.0 6.436160870235339 2.0 5000.0
5.7M-winter_in_leeds_513733.jpg 1464.0 1.0 1.0 1.0 1.0 1.0 1.0 1.0 1.0 1.0 7.758356282682705 1.0 5000.0
9.2M-rose_2_514080.jpg 2008.0 1.0 1.0 1.0 1.0 1.0 1.0 1.0 1.0 1.0 6.381771076186846 2.0 5000.0
3.0M-french_fries_516538.jpg 1599.0 1.0 1.0 1.0 1.0 1.0 1.0 1.0 1.0 1.0 6.342911983720575 1.0 5000.0
30M-river_landscape_515440.jpg 4072.0 2 1.0005 1.0005 1.0005 1.0005 1.0005 1.0005 1.0005 1.0005 7.56 2.0 5000.0
3.2M-heathcote_515292.jpg 1621.0 1.0 1.0 1.0 1.0 1.0 1.0 1.0 1.0 1.0 6.39017364954961 1.0 5000.0
5.6M-statue_of_liberty_original_model_version_2_517010.jpg 2216.0 1.0 1.0 1.0 1.0 1.0 1.0 1.0 1.0 1.0 7.477081974487792 1.0 5000.0
1.6M-lisbon_sunset_514529.jpg 988.0 1.0 1.0 1.0 1.0 1.0 1.0 1.0 1.0 1.0 7.993400777947857 1.0 5000.0
4.7M-cape_daisy_2_514383.jpg 2194.0 1.0 1.0 1.0 1.0 1.0 1.0 1.0 1.0 1.0 6.316036015775752 2.0 5000.0
4.6M-that_was_the_end_this_is_the_begining_513290.jpg 121849.0 0 0.0 0.0 0.0 0.0 0.0 0.0 0.0 0.0 0.82 1.0 5000.0
7.8M-heavy_snow_2_516009.jpg 1604.0 1.0 1.0 1.0 1.0 1.0 1.0 1.0 1.0 1.0 6.7081721846692925 2.0 5000.0
7.9M-craggy_rock_517201.jpg 2230.0 1.0 1.0 1.0 1.0 1.0 1.0 1.0 1.0 1.0 6.439974366943414 2.0 5000.0
4.3M-sunset_and_evening_1_of_2_515486.jpg 2961.0 1.0 1.0 1.0 1.0 1.0 1.0 1.0 1.0 1.0 6.364028566079635 2.0 5000.0
1.9M-walk_away_517169.jpg 122306.0 0 0.0 0.0 0.0 0.0 0.0 0.0 0.0 0.0 0.81 1.0 5000.0
3.4M-glass_chess_2_515415.jpg 1728.0 1.0 1.0 1.0 1.0 1.0 1.0 1.0 1.0 1.0 7.652771120848283 1.0 5000.0
12M-disabled_fashion_513292.jpg 4746.0 1 1.0 1.0 1.0 1.0 1.0 1.0 1.0 1.0 7.46 2.0 5000.0
2.5M-red_velvet_514717.jpg 1103.0 1.0 1.0 1.0 1.0 1.0 1.0 1.0 1.0 1.0 7.809121569910558 2.0 5000.0
5.6M-pink_sorrel_515688.jpg 2247.0 1.0 1.0 1.0 1.0 1.0 1.0 1.0 1.0 1.0 6.225899153384404 2.0 5000.0
6.3M-cafe_coffe_515939.jpg 3198.0 1 0.9994 0.9994 0.9994 0.9994 0.9994 0.9994 0.9994 0.9994 6.2 1.0 5000.0
5.7M-forest_floor_515925.jpg 1982.0 1.0 1.0 1.0 1.0 1.0 1.0 1.0 1.0 1.0 6.9933448332202435 1.0 5000.0
3.8M-sunset_and_evening_2_of_2_515480.jpg 3118.0 1.0 1.0 1.0 1.0 1.0 1.0 1.0 1.0 1.0 7.352724599436515 2.0 5000.0
2.5M-feliz_quinta_flower_513506.jpg 2044.0 1.0 1.0 1.0 1.0 1.0 1.0 1.0 1.0 1.0 6.954676131458226 1.0 5000.0
1.4M-leaves_of_grass_515433.jpg 3204.0 1.0 1.0 1.0 1.0 1.0 1.0 1.0 1.0 1.0 7.1820887070216415 2.0 5000.0
4.0M-hi_there_513531.jpg 1252.0 1.0 1.0 1.0 1.0 1.0 1.0 1.0 1.0 1.0 7.021598962262996 2.0 5000.0
17M-week_2_majestic_rock_514665.jpg 2097.0 1.0 1.0 1.0 1.0 1.0 1.0 1.0 1.0 1.0 6.505335301015605 2.0 5000.0
1.6M-white_tulips_514483.jpg 2318.0 1.0 1.0 1.0 1.0 1.0 1.0 1.0 1.0 1.0 7.21812699515202 2.0 5000.0
6.4M-peacock_butterfly_2_514342.jpg 1483.0 1.0 1.0 1.0 1.0 1.0 1.0 1.0 1.0 1.0 7.4529265078402105 2.0 5000.0
5.7M-yantra_river_514678.jpg 2076.0 1.0 1.0 1.0 1.0 1.0 1.0 1.0 1.0 1.0 7.674579796844658 1.0 5000.0
4.1M-backlit_flower_513144.jpg 1936.0 1.0 1.0 1.0 1.0 1.0 1.0 1.0 1.0 1.0 6.582528037784257 1.0 5000.0
5.9M-camping_516859.jpg 3761.0 2 1.0009000000000001 1.0009000000000001 1.0009000000000001 1.0009000000000001 1.0009000000000001 1.0009000000000001 1.0009000000000001 1.0009000000000001 7.71 2.0 5000.0
6.8M-eiffel_ice_516309.jpg 2214.0 1.0 1.0 1.0 1.0 1.0 1.0 1.0 1.0 1.0 6.007606965528941 2.0 5000.0
4.9M-seeing_red_515961.jpg 1698.0 1.0 1.0 1.0 1.0 1.0 1.0 1.0 1.0 1.0 6.0999477656759975 2.0 5000.0
13M-st_basils_cathedral_2_516323.jpg 2436.0 1.0 1.0 1.0 1.0 1.0 1.0 1.0 1.0 1.0 6.941357131354428 2.0 5000.0
4.2M-praa_sands_2_516054.jpg 3400.0 2 1.0018 1.0018 1.0018 1.0018 1.0018 1.0018 1.0018 1.0018 8.64 2.0 5000.0
5.1M-itsthemensworld_514784.jpg 2006.0 1.0 1.0 1.0 1.0 1.0 1.0 1.0 1.0 1.0 6.253679361673321 2.0 5000.0
2.5M-fashion_cupcakes_513638.jpg 2060.0 1.0 1.0 1.0 1.0 1.0 1.0 1.0 1.0 1.0 7.8431864448287065 1.0 5000.0
6.1M-simple_landscape_2_515009.jpg 1792.0 1.0 1.0 1.0 1.0 1.0 1.0 1.0 1.0 1.0 7.6608052318437885 2.0 5000.0
4.5M-hunting_a_toy_514521.jpg 1515.0 1.0 1.0 1.0 1.0 1.0 1.0 1.0 1.0 1.0 7.443123160799439 2.0 5000.0
3.5M-standing_restrictions_explored_14th_january_2013_46_513166.jpg 1203.0 1.0 1.0 1.0 1.0 1.0 1.0 1.0 1.0 1.0 7.318232898419543 2.0 5000.0
4.5M-more_toys_514506.jpg 1746.0 1.0 1.0 1.0 1.0 1.0 1.0 1.0 1.0 1.0 7.184908806024489 1.0 5000.0
916K-pollution_2_514607.jpg 655.0 1.0 1.0 1.0 1.0 1.0 1.0 1.0 1.0 1.0 7.467353616802606 1.0 5000.0
8.2M-my_soul_517211.jpg 2661.0 1.0 1.0 1.0 1.0 1.0 1.0 1.0 1.0 1.0 6.742639755704848 2.0 5000.0
13M-forest_515915.jpg 5094.0 2 1.0005 1.0006 1.0007499999999998 1.001 1.001 1.0012500000000002 1.0014 1.0015 12.11 2.0 5000.0
2.4M-venice_in_winter_513381.jpg 1646.0 1.0 1.0 1.0 1.0 1.0 1.0 1.0 1.0 1.0 7.162363830086841 2.0 5000.0
4.5M-forest_513174.jpg 1318.0 1.0 1.0 1.0 1.0 1.0 1.0 1.0 1.0 1.0 6.89195898998503 2.0 5000.0
4.0M-quotfrench_lacequot_rose_516786.jpg 2449.0 1 0.9992 0.9992 0.9992 0.9992 0.9992 0.9992 0.9992 0.9992 6.34 2.0 5000.0
1.3M-one_tacky_cup_515072.jpg 1836.0 1.0 1.0 1.0 1.0 1.0 1.0 1.0 1.0 1.0 6.911759729965976 2.0 5000.0
18M-sand_dunes_nightlife_516040.jpg 2583.0 1.0 1.0 1.0 1.0 1.0 1.0 1.0 1.0 1.0 7.72535495007776 2.0 5000.0
28M-the_river_514681.jpg 4520.0 1 0.9983 0.9983 0.9983 0.9983 0.9983 0.9983 0.9983 0.9983 7.01 2.0 5000.0
4.6M-german_air_force_a340_3001602_517125.jpg 1280.0 1.0 1.0 1.0 1.0 1.0 1.0 1.0 1.0 1.0 6.144319205583821 2.0 5000.0
1.7M-joe_joe_taking_flight_513760.jpg 3347.0 1 0.9969 0.9969 0.9969 0.9969 0.9969 0.9969 0.9969 0.9969 9.77 2.0 5000.0
7.8M-26365_kitty_515094.jpg 1513.0 1.0 1.0 1.0 1.0 1.0 1.0 1.0 1.0 1.0 7.052849671180107 2.0 5000.0
1.4M-sunset_river_514676.jpg 1076.0 1.0 1.0 1.0 1.0 1.0 1.0 1.0 1.0 1.0 6.408888219626788 2.0 5000.0
3.7M-south_boston_va_516934.jpg 1558.0 1.0 1.0 1.0 1.0 1.0 1.0 1.0 1.0 1.0 6.926049661576452 2.0 5000.0
3.9M-mouettes_seagulls_514235.jpg 1213.0 1.0 1.0 1.0 1.0 1.0 1.0 1.0 1.0 1.0 7.418560838561794 2.0 5000.0
6.1M-fire_514822.jpg 2336.0 1.0 1.0 1.0 1.0 1.0 1.0 1.0 1.0 1.0 7.4733563364475 1.0 5000.0
2.9M-water_splash_515404.jpg 2263.0 1.0 1.0 1.0 1.0 1.0 1.0 1.0 1.0 1.0 6.9299680937041135 2.0 5000.0
7.4M-ford_gt_35_15_516157.jpg 2653.0 1.0 1.0 1.0 1.0 1.0 1.0 1.0 1.0 1.0 6.119463549006211 2.0 5000.0
6.2M-dark_city_513227.jpg 1497.0 1.0 1.0 1.0 1.0 1.0 1.0 1.0 1.0 1.0 7.117919527498135 2.0 5000.0
5.7M-winter_in_leeds_513733.jpg 1536.0 1.0 1.0 1.0 1.0 1.0 1.0 1.0 1.0 1.0 6.85971962213203 1.0 5000.0
9.2M-rose_2_514080.jpg 2038.0 1.0 1.0 1.0 1.0 1.0 1.0 1.0 1.0 1.0 6.966925665117174 2.0 5000.0
3.0M-french_fries_516538.jpg 1716.0 1.0 1.0 1.0 1.0 1.0 1.0 1.0 1.0 1.0 7.507579717476855 1.0 5000.0
30M-river_landscape_515440.jpg 4074.0 1 0.998 0.998 0.998 0.998 0.998 0.998 0.998 0.998 6.63 2.0 5000.0
3.2M-heathcote_515292.jpg 1775.0 1.0 1.0 1.0 1.0 1.0 1.0 1.0 1.0 1.0 7.4480225107748605 1.0 5000.0
5.6M-statue_of_liberty_original_model_version_2_517010.jpg 2222.0 1.0 1.0 1.0 1.0 1.0 1.0 1.0 1.0 1.0 6.098087643372785 1.0 5000.0
1.6M-lisbon_sunset_514529.jpg 987.0 1.0 1.0 1.0 1.0 1.0 1.0 1.0 1.0 1.0 6.72966205312928 1.0 5000.0
4.7M-cape_daisy_2_514383.jpg 2231.0 1.0 1.0 1.0 1.0 1.0 1.0 1.0 1.0 1.0 7.698149471535472 2.0 5000.0
4.6M-that_was_the_end_this_is_the_begining_513290.jpg 1820.0 1.0 1.0 1.0 1.0 1.0 1.0 1.0 1.0 1.0 7.8308670359798045 1.0 5000.0
7.8M-heavy_snow_2_516009.jpg 1695.0 1.0 1.0 1.0 1.0 1.0 1.0 1.0 1.0 1.0 7.874059370722847 2.0 5000.0
7.9M-craggy_rock_517201.jpg 2254.0 1.0 1.0 1.0 1.0 1.0 1.0 1.0 1.0 1.0 7.258965973185811 2.0 5000.0
4.3M-sunset_and_evening_1_of_2_515486.jpg 2951.0 1.0 1.0 1.0 1.0 1.0 1.0 1.0 1.0 1.0 6.079911062277169 2.0 5000.0
1.9M-walk_away_517169.jpg 1565.0 1.0 1.0 1.0 1.0 1.0 1.0 1.0 1.0 1.0 6.435166504598715 2.0 5000.0
3.4M-glass_chess_2_515415.jpg 1797.0 1.0 1.0 1.0 1.0 1.0 1.0 1.0 1.0 1.0 7.142249154543176 2.0 5000.0
12M-disabled_fashion_513292.jpg 4348.0 2 1.0006 1.0006 1.0006 1.0006 1.0006 1.0006 1.0006 1.0006 6.27 2.0 5000.0
2.5M-red_velvet_514717.jpg 1135.0 1.0 1.0 1.0 1.0 1.0 1.0 1.0 1.0 1.0 7.538915555748052 2.0 5000.0
5.6M-pink_sorrel_515688.jpg 2239.0 1.0 1.0 1.0 1.0 1.0 1.0 1.0 1.0 1.0 6.094065166176666 2.0 5000.0
6.3M-cafe_coffe_515939.jpg 3115.0 1.0 1.0 1.0 1.0 1.0 1.0 1.0 1.0 1.0 7.043518200857484 1.0 5000.0
5.7M-forest_floor_515925.jpg 2002.0 1.0 1.0 1.0 1.0 1.0 1.0 1.0 1.0 1.0 6.288005170756867 1.0 5000.0
3.8M-sunset_and_evening_2_of_2_515480.jpg 3217.0 1.0 1.0 1.0 1.0 1.0 1.0 1.0 1.0 1.0 7.026840034912567 2.0 5000.0
2.5M-feliz_quinta_flower_513506.jpg 1980.0 1.0 1.0 1.0 1.0 1.0 1.0 1.0 1.0 1.0 6.657275592433624 1.0 5000.0
1.4M-leaves_of_grass_515433.jpg 3083.0 1.0 1.0 1.0 1.0 1.0 1.0 1.0 1.0 1.0 7.188009542966388 2.0 5000.0
4.0M-hi_there_513531.jpg 1233.0 1.0 1.0 1.0 1.0 1.0 1.0 1.0 1.0 1.0 7.8537699687566835 2.0 5000.0
17M-week_2_majestic_rock_514665.jpg 2028.0 1.0 1.0 1.0 1.0 1.0 1.0 1.0 1.0 1.0 7.523462527095456 2.0 5000.0
1.6M-white_tulips_514483.jpg 2296.0 1.0 1.0 1.0 1.0 1.0 1.0 1.0 1.0 1.0 7.846757821409369 2.0 5000.0
6.4M-peacock_butterfly_2_514342.jpg 1412.0 1.0 1.0 1.0 1.0 1.0 1.0 1.0 1.0 1.0 7.106161271660646 2.0 5000.0
5.7M-yantra_river_514678.jpg 2017.0 1.0 1.0 1.0 1.0 1.0 1.0 1.0 1.0 1.0 6.445329226730708 1.0 5000.0
4.1M-backlit_flower_513144.jpg 1908.0 1.0 1.0 1.0 1.0 1.0 1.0 1.0 1.0 1.0 6.212963730021684 1.0 5000.0
5.9M-camping_516859.jpg 123850.0 1 0.0 0.0 0.0 0.0 0.016945762711864407 0.0 0.0 0.9998 4.42 2.0 5000.0
6.8M-eiffel_ice_516309.jpg 2123.0 1.0 1.0 1.0 1.0 1.0 1.0 1.0 1.0 1.0 7.439079122202295 2.0 5000.0
4.9M-seeing_red_515961.jpg 1590.0 1.0 1.0 1.0 1.0 1.0 1.0 1.0 1.0 1.0 7.035736308335726 2.0 5000.0
13M-st_basils_cathedral_2_516323.jpg 2382.0 1.0 1.0 1.0 1.0 1.0 1.0 1.0 1.0 1.0 7.100253003915679 2.0 5000.0
4.2M-praa_sands_2_516054.jpg 3208.0 1 0.9997 0.9997 0.9997 0.9997 0.9997 0.9997 0.9997 0.9997 5.63 2.0 5000.0
5.1M-itsthemensworld_514784.jpg 121955.0 1 0.0 0.0 0.0 0.0 0.016937288135593222 0.0 0.0 0.9993000000000001 4.43 2.0 5000.0
2.5M-fashion_cupcakes_513638.jpg 2037.0 1.0 1.0 1.0 1.0 1.0 1.0 1.0 1.0 1.0 7.04979633142898 1.0 5000.0
6.1M-simple_landscape_2_515009.jpg 1857.0 1.0 1.0 1.0 1.0 1.0 1.0 1.0 1.0 1.0 6.332981566769653 2.0 5000.0
4.5M-hunting_a_toy_514521.jpg 1536.0 1.0 1.0 1.0 1.0 1.0 1.0 1.0 1.0 1.0 7.9111177507178425 2.0 5000.0
3.5M-standing_restrictions_explored_14th_january_2013_46_513166.jpg 2086.0 1.0 1.0 1.0 1.0 1.0 1.0 1.0 1.0 1.0 6.0838961753880625 1.0 5000.0
4.5M-more_toys_514506.jpg 1003.0 1.0 1.0 1.0 1.0 1.0 1.0 1.0 1.0 1.0 6.594107075481857 1.0 5000.0
916K-pollution_2_514607.jpg 660.0 1.0 1.0 1.0 1.0 1.0 1.0 1.0 1.0 1.0 6.801099278815814 1.0 5000.0
8.2M-my_soul_517211.jpg 2535.0 1.0 1.0 1.0 1.0 1.0 1.0 1.0 1.0 1.0 7.406975797097996 2.0 5000.0
13M-forest_515915.jpg 4960.0 1 0.9993000000000001 0.9993100000000001 0.999325 0.9993500000000001 0.9993500000000001 0.999375 0.9993899999999999 0.9994 12.66 2.0 5000.0
2.4M-venice_in_winter_513381.jpg 1623.0 1.0 1.0 1.0 1.0 1.0 1.0 1.0 1.0 1.0 6.554956830713831 2.0 5000.0
4.5M-forest_513174.jpg 1281.0 1.0 1.0 1.0 1.0 1.0 1.0 1.0 1.0 1.0 6.901210989133666 2.0 5000.0
4.0M-quotfrench_lacequot_rose_516786.jpg 3227.0 1.0 1.0 1.0 1.0 1.0 1.0 1.0 1.0 1.0 6.651110448493097 1.0 5000.0
1.3M-one_tacky_cup_515072.jpg 2346.0 1.0 1.0 1.0 1.0 1.0 1.0 1.0 1.0 1.0 7.512736380973579 2.0 5000.0
18M-sand_dunes_nightlife_516040.jpg 2617.0 1.0 1.0 1.0 1.0 1.0 1.0 1.0 1.0 1.0 7.539688871711319 2.0 5000.0
28M-the_river_514681.jpg 4542.0 2 0.9984999999999999 0.99869 0.998975 0.99945 0.99945 0.9999250000000001 1.00021 1.0004 11.13 2.0 5000.0
4.6M-german_air_force_a340_3001602_517125.jpg 2005.0 1.0 1.0 1.0 1.0 1.0 1.0 1.0 1.0 1.0 7.59153046698986 1.0 5000.0
1.7M-joe_joe_taking_flight_513760.jpg 3838.0 1.0 1.0 1.0 1.0 1.0 1.0 1.0 1.0 1.0 7.3201785717341314 2.0 5000.0
7.8M-26365_kitty_515094.jpg 1500.0 1.0 1.0 1.0 1.0 1.0 1.0 1.0 1.0 1.0 7.8430846406295425 2.0 5000.0
1.4M-sunset_river_514676.jpg 1076.0 1.0 1.0 1.0 1.0 1.0 1.0 1.0 1.0 1.0 6.605419688787294 2.0 5000.0
3.7M-south_boston_va_516934.jpg 1552.0 1.0 1.0 1.0 1.0 1.0 1.0 1.0 1.0 1.0 6.493754489044 2.0 5000.0
3.9M-mouettes_seagulls_514235.jpg 1242.0 1.0 1.0 1.0 1.0 1.0 1.0 1.0 1.0 1.0 6.259605118185094 2.0 5000.0
6.1M-fire_514822.jpg 2485.0 1.0 1.0 1.0 1.0 1.0 1.0 1.0 1.0 1.0 6.886996575159716 1.0 5000.0
2.9M-water_splash_515404.jpg 2233.0 1.0 1.0 1.0 1.0 1.0 1.0 1.0 1.0 1.0 6.920669527434229 2.0 5000.0
7.4M-ford_gt_35_15_516157.jpg 2654.0 1.0 1.0 1.0 1.0 1.0 1.0 1.0 1.0 1.0 7.959880839388016 2.0 5000.0
6.2M-dark_city_513227.jpg 1584.0 1.0 1.0 1.0 1.0 1.0 1.0 1.0 1.0 1.0 6.109518867704929 2.0 5000.0
5.7M-winter_in_leeds_513733.jpg 1538.0 1.0 1.0 1.0 1.0 1.0 1.0 1.0 1.0 1.0 7.079387793893991 1.0 5000.0
9.2M-rose_2_514080.jpg 2063.0 1.0 1.0 1.0 1.0 1.0 1.0 1.0 1.0 1.0 6.378912888461132 2.0 5000.0
3.0M-french_fries_516538.jpg 1724.0 1.0 1.0 1.0 1.0 1.0 1.0 1.0 1.0 1.0 6.59591831405291 1.0 5000.0
30M-river_landscape_515440.jpg 4250.0 1 0.9973000000000001 0.9973000000000001 0.9973000000000001 0.9973000000000001 0.9973000000000001 0.9973000000000001 0.9973000000000001 0.9973000000000001 7.35 2.0 5000.0
3.2M-heathcote_515292.jpg 1644.0 1.0 1.0 1.0 1.0 1.0 1.0 1.0 1.0 1.0 7.639377344880442 1.0 5000.0
5.6M-statue_of_liberty_original_model_version_2_517010.jpg 2260.0 1.0 1.0 1.0 1.0 1.0 1.0 1.0 1.0 1.0 7.495451925724792 1.0 5000.0
1.6M-lisbon_sunset_514529.jpg 986.0 1.0 1.0 1.0 1.0 1.0 1.0 1.0 1.0 1.0 6.0723685692692415 1.0 5000.0
4.7M-cape_daisy_2_514383.jpg 2258.0 1.0 1.0 1.0 1.0 1.0 1.0 1.0 1.0 1.0 7.649131658699888 2.0 5000.0
4.6M-that_was_the_end_this_is_the_begining_513290.jpg 1825.0 1.0 1.0 1.0 1.0 1.0 1.0 1.0 1.0 1.0 6.078132329565546 1.0 5000.0
7.8M-heavy_snow_2_516009.jpg 1659.0 1.0 1.0 1.0 1.0 1.0 1.0 1.0 1.0 1.0 7.79904725775109 2.0 5000.0
7.9M-craggy_rock_517201.jpg 2239.0 1.0 1.0 1.0 1.0 1.0 1.0 1.0 1.0 1.0 7.531200577814522 2.0 5000.0
4.3M-sunset_and_evening_1_of_2_515486.jpg 2919.0 1.0 1.0 1.0 1.0 1.0 1.0 1.0 1.0 1.0 7.917113423632815 2.0 5000.0
1.9M-walk_away_517169.jpg 1607.0 1.0 1.0 1.0 1.0 1.0 1.0 1.0 1.0 1.0 7.826389193831826 2.0 5000.0
3.4M-glass_chess_2_515415.jpg 2379.0 1.0 1.0 1.0 1.0 1.0 1.0 1.0 1.0 1.0 6.847693502585995 1.0 5000.0
12M-disabled_fashion_513292.jpg 4857.0 1 0.9965 0.9965 0.9965 0.9965 0.9965 0.9965 0.9965 0.9965 6.64 2.0 5000.0
2.5M-red_velvet_514717.jpg 1130.0 1.0 1.0 1.0 1.0 1.0 1.0 1.0 1.0 1.0 6.268764941110593 2.0 5000.0
5.6M-pink_sorrel_515688.jpg 2182.0 1.0 1.0 1.0 1.0 1.0 1.0 1.0 1.0 1.0 6.938066753347823 2.0 5000.0
6.3M-cafe_coffe_515939.jpg 3212.0 1 0.9987999999999999 0.9987999999999999 0.9987999999999999 0.9987999999999999 0.9987999999999999 0.9987999999999999 0.9987999999999999 0.9987999999999999 5.73 1.0 5000.0
5.7M-forest_floor_515925.jpg 2034.0 1.0 1.0 1.0 1.0 1.0 1.0 1.0 1.0 1.0 6.511034732260603 1.0 5000.0
3.8M-sunset_and_evening_2_of_2_515480.jpg 3207.0 1.0 1.0 1.0 1.0 1.0 1.0 1.0 1.0 1.0 6.986757571082395 2.0 5000.0
2.5M-feliz_quinta_flower_513506.jpg 1962.0 1.0 1.0 1.0 1.0 1.0 1.0 1.0 1.0 1.0 7.197555973082702 1.0 5000.0
1.4M-leaves_of_grass_515433.jpg 3230.0 1.0 1.0 1.0 1.0 1.0 1.0 1.0 1.0 1.0 6.679380840678368 2.0 5000.0
4.0M-hi_there_513531.jpg 1290.0 1.0 1.0 1.0 1.0 1.0 1.0 1.0 1.0 1.0 7.477117756087839 2.0 5000.0
17M-week_2_majestic_rock_514665.jpg 122189.0 1 0.0 0.0 0.0 0.0 0.016935593220338982 0.0 0.0 0.9992 3.49 2.0 5000.0
1.6M-white_tulips_514483.jpg 2412.0 1.0 1.0 1.0 1.0 1.0 1.0 1.0 1.0 1.0 7.113203968403611 2.0 5000.0
6.4M-peacock_butterfly_2_514342.jpg 1482.0 1.0 1.0 1.0 1.0 1.0 1.0 1.0 1.0 1.0 6.536294836843178 2.0 5000.0
5.7M-yantra_river_514678.jpg 1991.0 1.0 1.0 1.0 1.0 1.0 1.0 1.0 1.0 1.0 6.109234830096581 1.0 5000.0
4.1M-backlit_flower_513144.jpg 1980.0 1.0 1.0 1.0 1.0 1.0 1.0 1.0 1.0 1.0 7.048031518614534 1.0 5000.0
5.9M-camping_516859.jpg 3744.0 1 0.9995 0.9995 0.9995 0.9995 0.9995 0.9995 0.9995 0.9995 7.57 2.0 5000.0
6.8M-eiffel_ice_516309.jpg 2237.0 1.0 1.0 1.0 1.0 1.0 1.0 1.0 1.0 1.0 7.5874366944985105 2.0 5000.0
4.9M-seeing_red_515961.jpg 1662.0 1.0 1.0 1.0 1.0 1.0 1.0 1.0 1.0 1.0 7.808107946933058 2.0 5000.0
13M-st_basils_cathedral_2_516323.jpg 2434.0 1.0 1.0 1.0 1.0 1.0 1.0 1.0 1.0 1.0 6.304212694202213 2.0 5000.0
4.2M-praa_sands_2_516054.jpg 3412.0 2 1.0018 1.0018 1.0018 1.0018 1.0018 1.0018 1.0018 1.0018 8.38 2.0 5000.0
5.1M-itsthemensworld_514784.jpg 1952.0 1.0 1.0 1.0 1.0 1.0 1.0 1.0 1.0 1.0 6.628384973765836 2.0 5000.0
2.5M-fashion_cupcakes_513638.jpg 2001.0 1.0 1.0 1.0 1.0 1.0 1.0 1.0 1.0 1.0 7.5929320986736055 1.0 5000.0
6.1M-simple_landscape_2_515009.jpg 1769.0 1.0 1.0 1.0 1.0 1.0 1.0 1.0 1.0 1.0 6.330396778172145 2.0 5000.0
4.5M-hunting_a_toy_514521.jpg 1480.0 1.0 1.0 1.0 1.0 1.0 1.0 1.0 1.0 1.0 7.387637163652082 2.0 5000.0
3.5M-standing_restrictions_explored_14th_january_2013_46_513166.jpg 1183.0 1.0 1.0 1.0 1.0 1.0 1.0 1.0 1.0 1.0 6.173076957273607 2.0 5000.0
4.5M-more_toys_514506.jpg 1766.0 1.0 1.0 1.0 1.0 1.0 1.0 1.0 1.0 1.0 7.091880486553593 1.0 5000.0
916K-pollution_2_514607.jpg 656.0 1.0 1.0 1.0 1.0 1.0 1.0 1.0 1.0 1.0 7.399058086558192 1.0 5000.0
8.2M-my_soul_517211.jpg 2574.0 1.0 1.0 1.0 1.0 1.0 1.0 1.0 1.0 1.0 7.913035206604544 2.0 5000.0
13M-forest_515915.jpg 5021.0 1 0.9971 0.9972999999999999 0.9975999999999999 0.9981 0.9981 0.9986 0.9988999999999999 0.9991 13.13 2.0 5000.0
2.4M-venice_in_winter_513381.jpg 1622.0 1.0 1.0 1.0 1.0 1.0 1.0 1.0 1.0 1.0 7.384918089999465 2.0 5000.0
4.5M-forest_513174.jpg 1315.0 1.0 1.0 1.0 1.0 1.0 1.0 1.0 1.0 1.0 6.789889988622846 2.0 5000.0
4.0M-quotfrench_lacequot_rose_516786.jpg 3110.0 1.0 1.0 1.0 1.0 1.0 1.0 1.0 1.0 1.0 6.290415112760456 1.0 5000.0
1.3M-one_tacky_cup_515072.jpg 2337.0 1.0 1.0 1.0 1.0 1.0 1.0 1.0 1.0 1.0 6.2054170495364716 2.0 5000.0
18M-sand_dunes_nightlife_516040.jpg 2603.0 1.0 1.0 1.0 1.0 1.0 1.0 1.0 1.0 1.0 7.2522455462295525 2.0 5000.0
28M-the_river_514681.jpg 4589.0 1 0.9987 0.9987 0.9987 0.9987 0.9987 0.9987 0.9987 0.9987 5.93 2.0 5000.0
4.6M-german_air_force_a340_3001602_517125.jpg 2086.0 1.0 1.0 1.0 1.0 1.0 1.0 1.0 1.0 1.0 6.219278072070924 1.0 5000.0
1.7M-joe_joe_taking_flight_513760.jpg 3744.0 1 0.9981 0.9981 0.9981 0.9981 0.9981 0.9981 0.9981 0.9981 7.99 2.0 5000.0
7.8M-26365_kitty_515094.jpg 1479.0 1.0 1.0 1.0 1.0 1.0 1.0 1.0 1.0 1.0 6.7583652290855785 2.0 5000.0
1.4M-sunset_river_514676.jpg 1072.0 1.0 1.0 1.0 1.0 1.0 1.0 1.0 1.0 1.0 6.502100304305751 2.0 5000.0
3.7M-south_boston_va_516934.jpg 1543.0 1.0 1.0 1.0 1.0 1.0 1.0 1.0 1.0 1.0 7.70966639276296 2.0 5000.0
3.9M-mouettes_seagulls_514235.jpg 1240.0 1.0 1.0 1.0 1.0 1.0 1.0 1.0 1.0 1.0 7.126583319335974 2.0 5000.0
6.1M-fire_514822.jpg 2448.0 1.0 1.0 1.0 1.0 1.0 1.0 1.0 1.0 1.0 6.464232136977684 1.0 5000.0
2.9M-water_splash_515404.jpg 122327.0 1 0.0 0.0 0.0 0.0 0.01690677966101695 0.0 0.0 0.9975 4.03 2.0 5000.0
7.4M-ford_gt_35_15_516157.jpg 2718.0 1.0 1.0 1.0 1.0 1.0 1.0 1.0 1.0 1.0 6.640784430616705 2.0 5000.0
6.2M-dark_city_513227.jpg 1553.0 1.0 1.0 1.0 1.0 1.0 1.0 1.0 1.0 1.0 6.790506253561973 2.0 5000.0
5.7M-winter_in_leeds_513733.jpg 1525.0 1.0 1.0 1.0 1.0 1.0 1.0 1.0 1.0 1.0 6.476388770092724 1.0 5000.0
9.2M-rose_2_514080.jpg 122105.0 1 0.0 0.0 0.0 0.0 0.016891525423728813 0.0 0.0 0.9965999999999999 2.9 2.0 5000.0
3.0M-french_fries_516538.jpg 1789.0 1.0 1.0 1.0 1.0 1.0 1.0 1.0 1.0 1.0 6.13018967995802 1.0 5000.0
30M-river_landscape_515440.jpg 4195.0 2 1.0016 1.0016 1.0016 1.0016 1.0016 1.0016 1.0016 1.0016 7.93 2.0 5000.0
3.2M-heathcote_515292.jpg 1672.0 1.0 1.0 1.0 1.0 1.0 1.0 1.0 1.0 1.0 7.360774926679867 1.0 5000.0
5.6M-statue_of_liberty_original_model_version_2_517010.jpg 2194.0 1.0 1.0 1.0 1.0 1.0 1.0 1.0 1.0 1.0 7.246533618919606 1.0 5000.0
1.6M-lisbon_sunset_514529.jpg 996.0 1.0 1.0 1.0 1.0 1.0 1.0 1.0 1.0 1.0 6.91587481240601 1.0 5000.0
4.7M-cape_daisy_2_514383.jpg 2282.0 1.0 1.0 1.0 1.0 1.0 1.0 1.0 1.0 1.0 6.259821965998135 2.0 5000.0
4.6M-that_was_the_end_this_is_the_begining_513290.jpg 1706.0 1.0 1.0 1.0 1.0 1.0 1.0 1.0 1.0 1.0 7.0067524750952055 1.0 5000.0
7.8M-heavy_snow_2_516009.jpg 1704.0 1.0 1.0 1.0 1.0 1.0 1.0 1.0 1.0 1.0 6.910815756276296 2.0 5000.0
7.9M-craggy_rock_517201.jpg 2161.0 2 1.0007 1.0007 1.0007 1.0007 1.0007 1.0007 1.0007 1.0007 5.6 2.0 5000.0
4.3M-sunset_and_evening_1_of_2_515486.jpg 2943.0 1.0 1.0 1.0 1.0 1.0 1.0 1.0 1.0 1.0 7.18689363300162 2.0 5000.0
1.9M-walk_away_517169.jpg 1586.0 1.0 1.0 1.0 1.0 1.0 1.0 1.0 1.0 1.0 6.631093637061099 2.0 5000.0
3.4M-glass_chess_2_515415.jpg 1756.0 1.0 1.0 1.0 1.0 1.0 1.0 1.0 1.0 1.0 6.286259805381468 2.0 5000.0
12M-disabled_fashion_513292.jpg 4310.0 1 1.0 1.0 1.0 1.0 1.0 1.0 1.0 1.0 8.33 2.0 5000.0
2.5M-red_velvet_514717.jpg 1122.0 1.0 1.0 1.0 1.0 1.0 1.0 1.0 1.0 1.0 6.569776944915145 2.0 5000.0
5.6M-pink_sorrel_515688.jpg 2200.0 1.0 1.0 1.0 1.0 1.0 1.0 1.0 1.0 1.0 7.033729069814487 2.0 5000.0
6.3M-cafe_coffe_515939.jpg 3225.0 1.0 1.0 1.0 1.0 1.0 1.0 1.0 1.0 1.0 6.002101899003417 1.0 5000.0
5.7M-forest_floor_515925.jpg 2031.0 1.0 1.0 1.0 1.0 1.0 1.0 1.0 1.0 1.0 6.027811428743566 1.0 5000.0
3.8M-sunset_and_evening_2_of_2_515480.jpg 3148.0 1.0 1.0 1.0 1.0 1.0 1.0 1.0 1.0 1.0 7.148286739495519 2.0 5000.0
2.5M-feliz_quinta_flower_513506.jpg 2097.0 1.0 1.0 1.0 1.0 1.0 1.0 1.0 1.0 1.0 6.7232162445833294 1.0 5000.0
1.4M-leaves_of_grass_515433.jpg 3196.0 1.0 1.0 1.0 1.0 1.0 1.0 1.0 1.0 1.0 6.598652387963185 2.0 5000.0
4.0M-hi_there_513531.jpg 1253.0 1.0 1.0 1.0 1.0 1.0 1.0 1.0 1.0 1.0 6.804427568140855 2.0 5000.0
17M-week_2_majestic_rock_514665.jpg 2077.0 1.0 1.0 1.0 1.0 1.0 1.0 1.0 1.0 1.0 6.743197051822956 2.0 5000.0
1.6M-white_tulips_514483.jpg 2325.0 1.0 1.0 1.0 1.0 1.0 1.0 1.0 1.0 1.0 6.864867996378127 2.0 5000.0
6.4M-peacock_butterfly_2_514342.jpg 1430.0 1.0 1.0 1.0 1.0 1.0 1.0 1.0 1.0 1.0 6.679659278402942 2.0 5000.0
5.7M-yantra_river_514678.jpg 1958.0 1.0 1.0 1.0 1.0 1.0 1.0 1.0 1.0 1.0 6.688225128765749 1.0 5000.0
4.1M-backlit_flower_513144.jpg 1992.0 1.0 1.0 1.0 1.0 1.0 1.0 1.0 1.0 1.0 7.2197071925755205 1.0 5000.0
5.9M-camping_516859.jpg 3642.0 1.0 1.0 1.0 1.0 1.0 1.0 1.0 1.0 1.0 7.209235963271844 2.0 5000.0
6.8M-eiffel_ice_516309.jpg 2187.0 1 0.9990000000000001 0.9990000000000001 0.9990000000000001 0.9990000000000001 0.9990000000000001 0.9990000000000001 0.9990000000000001 0.9990000000000001 5.28 2.0 5000.0
4.9M-seeing_red_515961.jpg 1645.0 1.0 1.0 1.0 1.0 1.0 1.0 1.0 1.0 1.0 6.018103704928349 2.0 5000.0
13M-st_basils_cathedral_2_516323.jpg 122600.0 1 0.0 0.0 0.0 0.0 0.005859322033898305 0.0 0.0 0.3457 2.59 2.0 5000.0
4.2M-praa_sands_2_516054.jpg 3448.0 1 0.998 0.998 0.998 0.998 0.998 0.998 0.998 0.998 5.77 2.0 5000.0
5.1M-itsthemensworld_514784.jpg 122054.0 1 0.0 0.0 0.0 0.0 0.01688813559322034 0.0 0.0 0.9964 3.91 2.0 5000.0
2.5M-fashion_cupcakes_513638.jpg 2047.0 1.0 1.0 1.0 1.0 1.0 1.0 1.0 1.0 1.0 7.3309114257363275 1.0 5000.0
6.1M-simple_landscape_2_515009.jpg 1777.0 1.0 1.0 1.0 1.0 1.0 1.0 1.0 1.0 1.0 6.375564464217842 2.0 5000.0
4.5M-hunting_a_toy_514521.jpg 1432.0 1.0 1.0 1.0 1.0 1.0 1.0 1.0 1.0 1.0 6.261978848286917 2.0 5000.0
3.5M-standing_restrictions_explored_14th_january_2013_46_513166.jpg 1944.0 1.0 1.0 1.0 1.0 1.0 1.0 1.0 1.0 1.0 7.652151021353457 1.0 5000.0
4.5M-more_toys_514506.jpg 989.0 1.0 1.0 1.0 1.0 1.0 1.0 1.0 1.0 1.0 6.392781204448016 1.0 5000.0
916K-pollution_2_514607.jpg 647.0 1.0 1.0 1.0 1.0 1.0 1.0 1.0 1.0 1.0 6.571009004837901 1.0 5000.0
8.2M-my_soul_517211.jpg 2607.0 1.0 1.0 1.0 1.0 1.0 1.0 1.0 1.0 1.0 6.223863834878427 2.0 5000.0
13M-forest_515915.jpg 5084.0 2 0.997 0.9975800000000001 0.99845 0.9999000000000001 0.9999000000000001 1.00135 1.00222 1.0028 13.12 2.0 5000.0
2.4M-venice_in_winter_513381.jpg 1651.0 1.0 1.0 1.0 1.0 1.0 1.0 1.0 1.0 1.0 7.255562060975731 2.0 5000.0
4.5M-forest_513174.jpg 1315.0 1.0 1.0 1.0 1.0 1.0 1.0 1.0 1.0 1.0 6.532099117213885 2.0 5000.0
4.0M-quotfrench_lacequot_rose_516786.jpg 3103.0 1.0 1.0 1.0 1.0 1.0 1.0 1.0 1.0 1.0 6.357943384570518 1.0 5000.0
1.3M-one_tacky_cup_515072.jpg 2263.0 1.0 1.0 1.0 1.0 1.0 1.0 1.0 1.0 1.0 7.590031954379216 2.0 5000.0
18M-sand_dunes_nightlife_516040.jpg 2588.0 1.0 1.0 1.0 1.0 1.0 1.0 1.0 1.0 1.0 6.465984546796527 2.0 5000.0
28M-the_river_514681.jpg 4556.0 2 1.001 1.001 1.001 1.001 1.001 1.001 1.001 1.001 5.88 2.0 5000.0
4.6M-german_air_force_a340_3001602_517125.jpg 2207.0 1.0 1.0 1.0 1.0 1.0 1.0 1.0 1.0 1.0 6.420768041784831 1.0 5000.0
1.7M-joe_joe_taking_flight_513760.jpg 3823.0 1 1.0 1.0 1.0 1.0 1.0 1.0 1.0 1.0 7.91 2.0 5000.0
7.8M-26365_kitty_515094.jpg 1483.0 1.0 1.0 1.0 1.0 1.0 1.0 1.0 1.0 1.0 7.115917148055462 2.0 5000.0
1.4M-sunset_river_514676.jpg 1113.0 1.0 1.0 1.0 1.0 1.0 1.0 1.0 1.0 1.0 7.510334340231218 2.0 5000.0
3.7M-south_boston_va_516934.jpg 1601.0 1.0 1.0 1.0 1.0 1.0 1.0 1.0 1.0 1.0 6.648891352670345 2.0 5000.0
3.9M-mouettes_seagulls_514235.jpg 1238.0 1.0 1.0 1.0 1.0 1.0 1.0 1.0 1.0 1.0 6.85857786853476 2.0 5000.0
6.1M-fire_514822.jpg 2473.0 1.0 1.0 1.0 1.0 1.0 1.0 1.0 1.0 1.0 6.2153983455085395 1.0 5000.0
2.9M-water_splash_515404.jpg 2230.0 1.0 1.0 1.0 1.0 1.0 1.0 1.0 1.0 1.0 7.520384645885933 2.0 5000.0
7.4M-ford_gt_35_15_516157.jpg 2701.0 1.0 1.0 1.0 1.0 1.0 1.0 1.0 1.0 1.0 7.61532792427954 2.0 5000.0
6.2M-dark_city_513227.jpg 1533.0 1.0 1.0 1.0 1.0 1.0 1.0 1.0 1.0 1.0 6.5098586220523185 2.0 5000.0
5.7M-winter_in_leeds_513733.jpg 1534.0 1.0 1.0 1.0 1.0 1.0 1.0 1.0 1.0 1.0 7.39672595863415 1.0 5000.0
9.2M-rose_2_514080.jpg 1922.0 1.0 1.0 1.0 1.0 1.0 1.0 1.0 1.0 1.0 6.680645246345967 2.0 5000.0
3.0M-french_fries_516538.jpg 1742.0 1.0 1.0 1.0 1.0 1.0 1.0 1.0 1.0 1.0 6.109197186040376 1.0 5000.0
30M-river_landscape_515440.jpg 4047.0 2 1.0008 1.0008 1.0008 1.0008 1.0008 1.0008 1.0008 1.0008 7.23 2.0 5000.0
3.2M-heathcote_515292.jpg 1643.0 1.0 1.0 1.0 1.0 1.0 1.0 1.0 1.0 1.0 6.814428105996018 1.0 5000.0
5.6M-statue_of_liberty_original_model_version_2_517010.jpg 2205.0 1.0 1.0 1.0 1.0 1.0 1.0 1.0 1.0 1.0 6.688176227814002 1.0 5000.0
1.6M-lisbon_sunset_514529.jpg 1007.0 1.0 1.0 1.0 1.0 1.0 1.0 1.0 1.0 1.0 6.575601701433975 1.0 5000.0
4.7M-cape_daisy_2_514383.jpg 2306.0 1.0 1.0 1.0 1.0 1.0 1.0 1.0 1.0 1.0 7.22419144708986 2.0 5000.0
4.6M-that_was_the_end_this_is_the_begining_513290.jpg 1795.0 1.0 1.0 1.0 1.0 1.0 1.0 1.0 1.0 1.0 6.8094897411635955 1.0 5000.0
7.8M-heavy_snow_2_516009.jpg 1683.0 1.0 1.0 1.0 1.0 1.0 1.0 1.0 1.0 1.0 6.645130143084065 2.0 5000.0
7.9M-craggy_rock_517201.jpg 2211.0 1.0 1.0 1.0 1.0 1.0 1.0 1.0 1.0 1.0 6.977206877986373 2.0 5000.0
4.3M-sunset_and_evening_1_of_2_515486.jpg 2945.0 1.0 1.0 1.0 1.0 1.0 1.0 1.0 1.0 1.0 7.321444703340813 2.0 5000.0
1.9M-walk_away_517169.jpg 1595.0 1.0 1.0 1.0 1.0 1.0 1.0 1.0 1.0 1.0 6.447526760074972 2.0 5000.0
3.4M-glass_chess_2_515415.jpg 1741.0 1.0 1.0 1.0 1.0 1.0 1.0 1.0 1.0 1.0 6.057099026028352 2.0 5000.0
12M-disabled_fashion_513292.jpg 4263.0 2 1.0005 1.0005 1.0005 1.0005 1.0005 1.0005 1.0005 1.0005 7.03 2.0 5000.0
2.5M-red_velvet_514717.jpg 1074.0 1.0 1.0 1.0 1.0 1.0 1.0 1.0 1.0 1.0 6.190559904375179 2.0 5000.0
5.6M-pink_sorrel_515688.jpg 2137.0 1.0 1.0 1.0 1.0 1.0 1.0 1.0 1.0 1.0 6.219330580454244 2.0 5000.0
6.3M-cafe_coffe_515939.jpg 3191.0 2 1.0009000000000001 1.0009000000000001 1.0009000000000001 1.0009000000000001 1.0009000000000001 1.0009000000000001 1.0009000000000001 1.0009000000000001 6.12 1.0 5000.0
5.7M-forest_floor_515925.jpg 2525.0 1.0 1.0 1.0 1.0 1.0 1.0 1.0 1.0 1.0 6.588417225321771 2.0 5000.0
3.8M-sunset_and_evening_2_of_2_515480.jpg 2588.0 1.0 1.0 1.0 1.0 1.0 1.0 1.0 1.0 1.0 6.364992330610554 2.0 5000.0
2.5M-feliz_quinta_flower_513506.jpg 2050.0 1.0 1.0 1.0 1.0 1.0 1.0 1.0 1.0 1.0 7.7895275393626955 1.0 5000.0
1.4M-leaves_of_grass_515433.jpg 3169.0 1.0 1.0 1.0 1.0 1.0 1.0 1.0 1.0 1.0 7.728393680316914 2.0 5000.0
4.0M-hi_there_513531.jpg 1272.0 1.0 1.0 1.0 1.0 1.0 1.0 1.0 1.0 1.0 7.817554490108653 2.0 5000.0
17M-week_2_majestic_rock_514665.jpg 2066.0 1.0 1.0 1.0 1.0 1.0 1.0 1.0 1.0 1.0 6.134927325524364 2.0 5000.0
1.6M-white_tulips_514483.jpg 2361.0 1.0 1.0 1.0 1.0 1.0 1.0 1.0 1.0 1.0 6.7890243111589506 2.0 5000.0
6.4M-peacock_butterfly_2_514342.jpg 1472.0 1.0 1.0 1.0 1.0 1.0 1.0 1.0 1.0 1.0 7.9162490313542175 2.0 5000.0
5.7M-yantra_river_514678.jpg 1919.0 1.0 1.0 1.0 1.0 1.0 1.0 1.0 1.0 1.0 6.976588623396978 1.0 5000.0
4.1M-backlit_flower_513144.jpg 1946.0 1.0 1.0 1.0 1.0 1.0 1.0 1.0 1.0 1.0 7.32154810817196 1.0 5000.0
5.9M-camping_516859.jpg 3791.0 1 0.9978 0.9978 0.9978 0.9978 0.9978 0.9978 0.9978 0.9978 7.5 2.0 5000.0
6.8M-eiffel_ice_516309.jpg 2254.0 1.0 1.0 1.0 1.0 1.0 1.0 1.0 1.0 1.0 7.569644479490181 2.0 5000.0
4.9M-seeing_red_515961.jpg 1677.0 1.0 1.0 1.0 1.0 1.0 1.0 1.0 1.0 1.0 7.40632612823944 2.0 5000.0
13M-st_basils_cathedral_2_516323.jpg 2466.0 1.0 1.0 1.0 1.0 1.0 1.0 1.0 1.0 1.0 7.701254671484964 2.0 5000.0
4.2M-praa_sands_2_516054.jpg 3398.0 2 1.001 1.001 1.001 1.001 1.001 1.001 1.001 1.001 8.16 2.0 5000.0
5.1M-itsthemensworld_514784.jpg 1988.0 1.0 1.0 1.0 1.0 1.0 1.0 1.0 1.0 1.0 7.717650173766713 2.0 5000.0
2.5M-fashion_cupcakes_513638.jpg 2003.0 1.0 1.0 1.0 1.0 1.0 1.0 1.0 1.0 1.0 7.7706412167999535 1.0 5000.0
6.1M-simple_landscape_2_515009.jpg 1803.0 1.0 1.0 1.0 1.0 1.0 1.0 1.0 1.0 1.0 6.011989063206566 2.0 5000.0
4.5M-hunting_a_toy_514521.jpg 1479.0 1.0 1.0 1.0 1.0 1.0 1.0 1.0 1.0 1.0 7.598485428061722 2.0 5000.0
3.5M-standing_restrictions_explored_14th_january_2013_46_513166.jpg 1154.0 1.0 1.0 1.0 1.0 1.0 1.0 1.0 1.0 1.0 6.358930303092186 2.0 5000.0
4.5M-more_toys_514506.jpg 1709.0 1.0 1.0 1.0 1.0 1.0 1.0 1.0 1.0 1.0 6.605822633292407 1.0 5000.0
916K-pollution_2_514607.jpg 648.0 1.0 1.0 1.0 1.0 1.0 1.0 1.0 1.0 1.0 6.356304523486376 1.0 5000.0
8.2M-my_soul_517211.jpg 2571.0 1.0 1.0 1.0 1.0 1.0 1.0 1.0 1.0 1.0 7.515101540406297 2.0 5000.0
13M-forest_515915.jpg 4997.0 1 0.9986 0.9986499999999999 0.998725 0.9988499999999999 0.9988499999999999 0.9989750000000001 0.99905 0.9991 13.06 2.0 5000.0
2.4M-venice_in_winter_513381.jpg 1682.0 1.0 1.0 1.0 1.0 1.0 1.0 1.0 1.0 1.0 6.700299127051055 2.0 5000.0
4.5M-forest_513174.jpg 1289.0 1.0 1.0 1.0 1.0 1.0 1.0 1.0 1.0 1.0 6.108265270823016 2.0 5000.0
4.0M-quotfrench_lacequot_rose_516786.jpg 2460.0 1.0 1.0 1.0 1.0 1.0 1.0 1.0 1.0 1.0 7.1969822057638675 2.0 5000.0
1.3M-one_tacky_cup_515072.jpg 1839.0 1.0 1.0 1.0 1.0 1.0 1.0 1.0 1.0 1.0 6.736846124811118 2.0 5000.0
18M-sand_dunes_nightlife_516040.jpg 2586.0 2 1.0016 1.0016 1.0016 1.0016 1.0016 1.0016 1.0016 1.0016 4.55 2.0 5000.0
28M-the_river_514681.jpg 4467.0 1 0.9976 0.9976 0.9976 0.9976 0.9976 0.9976 0.9976 0.9976 8.22 2.0 5000.0
4.6M-german_air_force_a340_3001602_517125.jpg 1341.0 1.0 1.0 1.0 1.0 1.0 1.0 1.0 1.0 1.0 6.397107838673244 2.0 5000.0
1.7M-joe_joe_taking_flight_513760.jpg 3413.0 1.0 1.0 1.0 1.0 1.0 1.0 1.0 1.0 1.0 6.2355606938474715 2.0 5000.0
7.8M-26365_kitty_515094.jpg 1487.0 1.0 1.0 1.0 1.0 1.0 1.0 1.0 1.0 1.0 7.21358635350891 2.0 5000.0
1.4M-sunset_river_514676.jpg 1052.0 1.0 1.0 1.0 1.0 1.0 1.0 1.0 1.0 1.0 7.43991166811635 2.0 5000.0
3.7M-south_boston_va_516934.jpg 1616.0 1.0 1.0 1.0 1.0 1.0 1.0 1.0 1.0 1.0 6.682104565875148 2.0 5000.0
3.9M-mouettes_seagulls_514235.jpg 1221.0 1.0 1.0 1.0 1.0 1.0 1.0 1.0 1.0 1.0 6.596640822121216 2.0 5000.0
6.1M-fire_514822.jpg 2390.0 1.0 1.0 1.0 1.0 1.0 1.0 1.0 1.0 1.0 6.92765323072301 1.0 5000.0
2.9M-water_splash_515404.jpg 2137.0 1.0 1.0 1.0 1.0 1.0 1.0 1.0 1.0 1.0 6.504500566150435 2.0 5000.0
7.4M-ford_gt_35_15_516157.jpg 2691.0 1.0 1.0 1.0 1.0 1.0 1.0 1.0 1.0 1.0 7.966354694529883 2.0 5000.0
6.2M-dark_city_513227.jpg 1506.0 1.0 1.0 1.0 1.0 1.0 1.0 1.0 1.0 1.0 7.7392775420844195 2.0 5000.0
5.7M-winter_in_leeds_513733.jpg 805.0 1.0 1.0 1.0 1.0 1.0 1.0 1.0 1.0 1.0 6.470104824605386 2.0 5000.0
9.2M-rose_2_514080.jpg 1431.0 1.0 1.0 1.0 1.0 1.0 1.0 1.0 1.0 1.0 7.2307327942301525 2.0 5000.0
3.0M-french_fries_516538.jpg 1692.0 1.0 1.0 1.0 1.0 1.0 1.0 1.0 1.0 1.0 6.625346409919171 1.0 5000.0
30M-river_landscape_515440.jpg 4122.0 2 1.0019 1.0019 1.0019 1.0019 1.0019 1.0019 1.0019 1.0019 6.93 2.0 5000.0
3.2M-heathcote_515292.jpg 888.0 1.0 1.0 1.0 1.0 1.0 1.0 1.0 1.0 1.0 7.039726367149563 2.0 5000.0
5.6M-statue_of_liberty_original_model_version_2_517010.jpg 2234.0 1.0 1.0 1.0 1.0 1.0 1.0 1.0 1.0 1.0 6.088015112771103 2.0 5000.0
1.6M-lisbon_sunset_514529.jpg 979.0 1.0 1.0 1.0 1.0 1.0 1.0 1.0 1.0 1.0 7.606128800197424 2.0 5000.0
4.7M-cape_daisy_2_514383.jpg 1724.0 1.0 1.0 1.0 1.0 1.0 1.0 1.0 1.0 1.0 6.891512542919776 2.0 5000.0
4.6M-that_was_the_end_this_is_the_begining_513290.jpg 1745.0 1.0 1.0 1.0 1.0 1.0 1.0 1.0 1.0 1.0 7.930122408378164 1.0 5000.0
7.8M-heavy_snow_2_516009.jpg 1601.0 1.0 1.0 1.0 1.0 1.0 1.0 1.0 1.0 1.0 6.240743078679916 2.0 5000.0
7.9M-craggy_rock_517201.jpg 2170.0 1.0 1.0 1.0 1.0 1.0 1.0 1.0 1.0 1.0 6.92446647225153 2.0 5000.0
4.3M-sunset_and_evening_1_of_2_515486.jpg 3053.0 1.0 1.0 1.0 1.0 1.0 1.0 1.0 1.0 1.0 7.845404711097347 2.0 5000.0
1.9M-walk_away_517169.jpg 1573.0 1.0 1.0 1.0 1.0 1.0 1.0 1.0 1.0 1.0 7.389065478715141 2.0 5000.0
3.4M-glass_chess_2_515415.jpg 1770.0 1.0 1.0 1.0 1.0 1.0 1.0 1.0 1.0 1.0 6.977161115939751 2.0 5000.0
12M-disabled_fashion_513292.jpg 4266.0 2 1.0022 1.0022 1.0022 1.0022 1.0022 1.0022 1.0022 1.0022 6.77 2.0 5000.0
2.5M-red_velvet_514717.jpg 1137.0 1.0 1.0 1.0 1.0 1.0 1.0 1.0 1.0 1.0 6.368428779531733 2.0 5000.0
5.6M-pink_sorrel_515688.jpg 2216.0 1.0 1.0 1.0 1.0 1.0 1.0 1.0 1.0 1.0 7.919148614889883 2.0 5000.0
6.3M-cafe_coffe_515939.jpg 2425.0 1.0 1.0 1.0 1.0 1.0 1.0 1.0 1.0 1.0 6.462200057024783 2.0 5000.0
5.7M-forest_floor_515925.jpg 2015.0 1.0 1.0 1.0 1.0 1.0 1.0 1.0 1.0 1.0 7.4201615645145695 2.0 5000.0
3.8M-sunset_and_evening_2_of_2_515480.jpg 2565.0 2 1.0014 1.0014 1.0014 1.0014 1.0014 1.0014 1.0014 1.0014 6.72 2.0 5000.0
2.5M-feliz_quinta_flower_513506.jpg 2124.0 1.0 1.0 1.0 1.0 1.0 1.0 1.0 1.0 1.0 6.0457011197937565 1.0 5000.0
1.4M-leaves_of_grass_515433.jpg 3158.0 1.0 1.0 1.0 1.0 1.0 1.0 1.0 1.0 1.0 7.258907936627725 2.0 5000.0
4.0M-hi_there_513531.jpg 1235.0 1.0 1.0 1.0 1.0 1.0 1.0 1.0 1.0 1.0 7.7996018893667305 2.0 5000.0
17M-week_2_majestic_rock_514665.jpg 2063.0 1.0 1.0 1.0 1.0 1.0 1.0 1.0 1.0 1.0 7.585702941052802 2.0 5000.0
1.6M-white_tulips_514483.jpg 2303.0 1.0 1.0 1.0 1.0 1.0 1.0 1.0 1.0 1.0 7.872182369009938 2.0 5000.0
6.4M-peacock_butterfly_2_514342.jpg 1407.0 1.0 1.0 1.0 1.0 1.0 1.0 1.0 1.0 1.0 7.930393098801453 2.0 5000.0
5.7M-yantra_river_514678.jpg 1950.0 1.0 1.0 1.0 1.0 1.0 1.0 1.0 1.0 1.0 7.964113561733825 1.0 5000.0
4.1M-backlit_flower_513144.jpg 1926.0 1.0 1.0 1.0 1.0 1.0 1.0 1.0 1.0 1.0 6.716179010567937 1.0 5000.0
5.9M-camping_516859.jpg 3666.0 1 0.9998 0.9998 0.9998 0.9998 0.9998 0.9998 0.9998 0.9998 7.68 2.0 5000.0
6.8M-eiffel_ice_516309.jpg 2203.0 1.0 1.0 1.0 1.0 1.0 1.0 1.0 1.0 1.0 7.495836850261499 2.0 5000.0
4.9M-seeing_red_515961.jpg 1697.0 1.0 1.0 1.0 1.0 1.0 1.0 1.0 1.0 1.0 6.333074090827181 2.0 5000.0
13M-st_basils_cathedral_2_516323.jpg 2518.0 1.0 1.0 1.0 1.0 1.0 1.0 1.0 1.0 1.0 6.242817370828969 2.0 5000.0
4.2M-praa_sands_2_516054.jpg 3422.0 2 1.001 1.001 1.001 1.001 1.001 1.001 1.001 1.001 8.31 2.0 5000.0
5.1M-itsthemensworld_514784.jpg 1994.0 1.0 1.0 1.0 1.0 1.0 1.0 1.0 1.0 1.0 6.536870891285698 2.0 5000.0
2.5M-fashion_cupcakes_513638.jpg 2100.0 1.0 1.0 1.0 1.0 1.0 1.0 1.0 1.0 1.0 7.114515275525003 1.0 5000.0
6.1M-simple_landscape_2_515009.jpg 1898.0 1.0 1.0 1.0 1.0 1.0 1.0 1.0 1.0 1.0 6.197016892045937 2.0 5000.0
4.5M-hunting_a_toy_514521.jpg 1501.0 1.0 1.0 1.0 1.0 1.0 1.0 1.0 1.0 1.0 7.1080787243853285 2.0 5000.0
3.5M-standing_restrictions_explored_14th_january_2013_46_513166.jpg 1192.0 1.0 1.0 1.0 1.0 1.0 1.0 1.0 1.0 1.0 6.740552076608682 2.0 5000.0
4.5M-more_toys_514506.jpg 1727.0 1.0 1.0 1.0 1.0 1.0 1.0 1.0 1.0 1.0 7.714501872629809 1.0 5000.0
916K-pollution_2_514607.jpg 640.0 1.0 1.0 1.0 1.0 1.0 1.0 1.0 1.0 1.0 7.0099903450140895 1.0 5000.0
8.2M-my_soul_517211.jpg 2575.0 1.0 1.0 1.0 1.0 1.0 1.0 1.0 1.0 1.0 7.943585619598765 2.0 5000.0
13M-forest_515915.jpg 5038.0 1 0.9978 0.9978 0.9978 0.9978 0.9978 0.9978 0.9978 0.9978 7.63 2.0 5000.0
2.4M-venice_in_winter_513381.jpg 121786.0 1 0.0 0.0 0.0 0.0 0.007893220338983051 0.0 0.0 0.4657 2.57 2.0 5000.0
4.5M-forest_513174.jpg 1321.0 1.0 1.0 1.0 1.0 1.0 1.0 1.0 1.0 1.0 6.2219698320998145 2.0 5000.0
4.0M-quotfrench_lacequot_rose_516786.jpg 2440.0 1.0 1.0 1.0 1.0 1.0 1.0 1.0 1.0 1.0 6.621720271408295 2.0 5000.0
1.3M-one_tacky_cup_515072.jpg 1774.0 1.0 1.0 1.0 1.0 1.0 1.0 1.0 1.0 1.0 6.460167873306311 2.0 5000.0
18M-sand_dunes_nightlife_516040.jpg 2553.0 1.0 1.0 1.0 1.0 1.0 1.0 1.0 1.0 1.0 6.114669037643231 2.0 5000.0
28M-the_river_514681.jpg 4457.0 1 0.9984000000000001 0.9984000000000001 0.9984000000000001 0.9984000000000001 0.9984000000000001 0.9984000000000001 0.9984000000000001 0.9984000000000001 6.42 2.0 5000.0
4.6M-german_air_force_a340_3001602_517125.jpg 1319.0 1.0 1.0 1.0 1.0 1.0 1.0 1.0 1.0 1.0 7.148390878815909 2.0 5000.0
1.7M-joe_joe_taking_flight_513760.jpg 3271.0 2 1.0028 1.0028 1.0028 1.0028 1.0028 1.0028 1.0028 1.0028 8.59 2.0 5000.0
7.8M-26365_kitty_515094.jpg 1474.0 1.0 1.0 1.0 1.0 1.0 1.0 1.0 1.0 1.0 6.699398795810109 2.0 5000.0
1.4M-sunset_river_514676.jpg 1072.0 1.0 1.0 1.0 1.0 1.0 1.0 1.0 1.0 1.0 7.597994875500262 2.0 5000.0
3.7M-south_boston_va_516934.jpg 1628.0 1.0 1.0 1.0 1.0 1.0 1.0 1.0 1.0 1.0 7.410063617462244 2.0 5000.0
3.9M-mouettes_seagulls_514235.jpg 1229.0 1.0 1.0 1.0 1.0 1.0 1.0 1.0 1.0 1.0 6.8452799526937165 2.0 5000.0
6.1M-fire_514822.jpg 2380.0 1.0 1.0 1.0 1.0 1.0 1.0 1.0 1.0 1.0 6.818959456996805 1.0 5000.0
2.9M-water_splash_515404.jpg 2214.0 1.0 1.0 1.0 1.0 1.0 1.0 1.0 1.0 1.0 6.634946579961019 2.0 5000.0
7.4M-ford_gt_35_15_516157.jpg 2634.0 1.0 1.0 1.0 1.0 1.0 1.0 1.0 1.0 1.0 7.340231738723429 2.0 5000.0
6.2M-dark_city_513227.jpg 1547.0 1.0 1.0 1.0 1.0 1.0 1.0 1.0 1.0 1.0 6.667015343754175 2.0 5000.0
5.7M-winter_in_leeds_513733.jpg 829.0 1.0 1.0 1.0 1.0 1.0 1.0 1.0 1.0 1.0 6.009590131228298 2.0 5000.0
9.2M-rose_2_514080.jpg 1476.0 1.0 1.0 1.0 1.0 1.0 1.0 1.0 1.0 1.0 7.610231429558636 2.0 5000.0
3.0M-french_fries_516538.jpg 1642.0 1.0 1.0 1.0 1.0 1.0 1.0 1.0 1.0 1.0 7.556459322690695 1.0 5000.0
30M-river_landscape_515440.jpg 3975.0 1.0 1.0 1.0 1.0 1.0 1.0 1.0 1.0 1.0 6.025585844287459 2.0 5000.0
3.2M-heathcote_515292.jpg 919.0 1.0 1.0 1.0 1.0 1.0 1.0 1.0 1.0 1.0 6.3630816306571285 2.0 5000.0
5.6M-statue_of_liberty_original_model_version_2_517010.jpg 2235.0 1.0 1.0 1.0 1.0 1.0 1.0 1.0 1.0 1.0 7.935606130490717 2.0 5000.0
1.6M-lisbon_sunset_514529.jpg 1016.0 1.0 1.0 1.0 1.0 1.0 1.0 1.0 1.0 1.0 6.457256216954771 2.0 5000.0
4.7M-cape_daisy_2_514383.jpg 1704.0 1.0 1.0 1.0 1.0 1.0 1.0 1.0 1.0 1.0 7.975386739256142 2.0 5000.0
4.6M-that_was_the_end_this_is_the_begining_513290.jpg 1548.0 1.0 1.0 1.0 1.0 1.0 1.0 1.0 1.0 1.0 7.829163649409789 1.0 5000.0
7.8M-heavy_snow_2_516009.jpg 1708.0 1.0 1.0 1.0 1.0 1.0 1.0 1.0 1.0 1.0 7.82208397969948 2.0 5000.0
7.9M-craggy_rock_517201.jpg 2241.0 1.0 1.0 1.0 1.0 1.0 1.0 1.0 1.0 1.0 6.662209905974354 2.0 5000.0
4.3M-sunset_and_evening_1_of_2_515486.jpg 2960.0 1.0 1.0 1.0 1.0 1.0 1.0 1.0 1.0 1.0 6.667944036640472 2.0 5000.0
1.9M-walk_away_517169.jpg 1661.0 1.0 1.0 1.0 1.0 1.0 1.0 1.0 1.0 1.0 7.431386091389725 2.0 5000.0
3.4M-glass_chess_2_515415.jpg 1826.0 1.0 1.0 1.0 1.0 1.0 1.0 1.0 1.0 1.0 7.897058933709585 2.0 5000.0
12M-disabled_fashion_513292.jpg 4237.0 1 0.9982 0.9982 0.9982 0.9982 0.9982 0.9982 0.9982 0.9982 6.33 2.0 5000.0
