20K-dog.jpg 6409.0 2 0.8576 0.8722200000000001 0.8941500000000001 0.9307 0.9307 0.9672499999999999 0.98918 1.0038 10.32 30.0 8000.0
1.1M-tomcat.jpg 140935.0 32 0.0 0.0 0.0 0.0 3.7059779411764704 0.0 27.4841 31.756700000000002 34.14 30.0 11000.0
608K-rome.jpg 20041.0 33 1.0161 20.879300000000004 27.6156 29.2359 26.364366666666665 30.5107 31.4944 32.7096 41.33 30.0 29000.0
440K-gundam.jpg 18304.0 31 1.0097 19.56691 27.774025 28.881000000000004 25.7137 30.28395 30.672479999999997 30.7562 48.67 30.0 24000.0
244K-water.jpg 18269.0 31 1.0118 18.992070000000002 27.066149999999997 28.99495 25.599899999999998 30.543274999999994 30.670699999999997 30.766599999999997 56.4 30.0 24000.0
184K-rafale.jpg 28823.0 29 1.0293999999999999 13.594040000000001 25.726300000000002 27.1313 23.901492307692312 27.5375 28.10978 28.984299999999998 35.8 27.0 15000.0
756K-tomcat3.jpg 25528.0 43 1.0316 18.4907 36.068450000000006 38.1131 33.717918181818185 40.2327 41.5904 42.6504 36.21 39.0 31000.0
112K-sunflower.jpg 4940.0 32 1.0173 4.108910000000001 8.746325 16.475350000000002 16.475350000000002 24.204375 28.84179 31.933400000000002 25.06 39.0 12500.0
2.4M-building.jpg 28957.0 42 27.926399999999997 30.094579999999997 33.9035 36.9717 36.10176923076923 38.8984 41.05576 41.857 46.34 39.0 40000.0
56K-j20.jpg 130252.0 38 0.0 0.0 0.0 0.0 1.8050806451612902 0.0 0.0 37.3862 36.55 39.0 12000.0
384K-puffin.jpg 7752.0 37 0.9993000000000001 8.17356 18.93495 36.870599999999996 24.938333333333336 36.907849999999996 36.9302 36.945100000000004 38.19 39.0 24000.0
208K-nature.jpg 6453.0 34 1.0141 4.289110000000001 9.201625 17.38915 17.38915 25.576675 30.489190000000004 33.7642 39.43 39.0 25000.0
20K-dog.jpg 3637.0 8 8 8 8 8 8 8 8 8 25.06 39.0 8000.0
1.1M-tomcat.jpg 16687.0 41 1.0119 24.96534 36.404475000000005 38.0858 33.7172375 39.757650000000005 40.41105 40.6431 53.0 39.0 11000.0
608K-rome.jpg 23788.0 30 1.0361 13.979180000000001 24.667875 25.88185 22.934189999999997 27.402549999999998 27.69983 29.3651 33.86 27.0 29000.0
440K-gundam.jpg 20175.0 29 1.0139 19.562300000000004 24.525100000000002 26.7392 23.602388888888886 27.2623 27.6349 28.1089 40.14 27.0 24000.0
244K-water.jpg 19916.0 29 1.0058 19.894840000000002 26.418200000000002 26.8425 23.891233333333336 27.116999999999997 27.52166 28.2179 48.0 27.0 24000.0
184K-rafale.jpg 20455.0 41 1.0031 4.68214 30.9424 38.3819 30.14523333333333 39.0327 39.49682 40.524899999999995 29.36 39.0 15000.0
756K-tomcat3.jpg 28540.0 39 0.9077 6.727300000000005 29.977899999999998 34.107800000000005 28.8656 35.1062 36.81472 38.0738 40.73 36.0 31000.0
112K-sunflower.jpg 7236.0 15 1.0047 2.31845 4.289075 7.57345 7.57345 10.857825 12.82845 14.1422 13.21 32.0 12500.0
2.4M-building.jpg 154819.0 35 0.0 0.0 0.0 0.0 6.165521333333333 0.0 30.78854000000001 34.6618 43.67 32.0 40000.0
56K-j20.jpg 12354.0 36 1.0264 4.0387200000000005 8.5572 34.8811 23.24022 35.7735 35.88714 35.9629 23.37 37.0 12000.0
384K-puffin.jpg 8149.0 38 22.3888 25.137360000000005 29.2602 36.1316 32.000033333333334 36.80564999999999 37.21008 37.4797 29.94 37.0 24000.0
208K-nature.jpg 8831.0 31 0.9784999999999999 3.60072 7.53405 14.0896 15.026633333333331 22.050699999999996 26.82736 30.011799999999997 17.91 34.0 25000.0
20K-dog.jpg 10057.0 8 0.8973 1.37292 2.0863500000000004 5.226649999999999 4.88725 8.02755 8.13006 8.1984 13.58 8.0 8000.0
1.1M-tomcat.jpg 15194.0 51 1.032 10.994599999999998 27.286649999999998 46.5154 35.592949999999995 47.22875 49.26885 51.1513 30.51 51.0 11000.0
608K-rome.jpg 25489.0 27 1.0499 7.1693 23.568900000000003 24.7936 21.1342 25.266350000000003 25.5971 26.5873 33.65 25.0 29000.0
440K-gundam.jpg 21233.0 27 1.0524 5.02518 16.774925 25.7321 20.235189999999996 26.379675 26.471909999999998 26.4954 30.69 27.0 24000.0
244K-water.jpg 20360.0 29 6.5268 20.154 24.6024 26.2755 23.935377777777777 26.6798 27.509359999999997 28.924400000000002 40.65 27.0 24000.0
184K-rafale.jpg 16949.0 52 1.0187 9.512420000000002 30.1547 46.5681 36.38164285714286 47.7108 49.48356 51.353699999999996 29.85 51.0 15000.0
756K-tomcat3.jpg 27425.0 40 0.8941 3.7961100000000028 29.552999999999997 35.47835 29.5698 37.57107499999999 38.13017 39.0157 40.4 36.0 31000.0
112K-sunflower.jpg 7253.0 10 0.9423999999999999 1.77214 3.01675 5.0911 5.0911 7.16545 8.41006 9.2398 13.05 32.0 12500.0
2.4M-building.jpg 34898.0 34 0.9976999999999999 27.7373 29.328274999999998 31.626899999999996 29.29245625 32.00025 33.14305 33.9007 36.2 32.0 40000.0
56K-j20.jpg 132237.0 38 0.0 0.0 0.0 0.0 1.7631238095238095 0.0 0.0 37.4771 20.87 37.0 12000.0
384K-puffin.jpg 12069.0 29 0.9262 4.28284 9.3178 26.0819 18.296940000000003 26.2267 27.84994 28.932100000000002 23.53 27.0 24000.0
208K-nature.jpg 9769.0 29 1.0288 2.98272 5.913599999999999 10.798399999999999 13.319166666666668 19.46435 24.663920000000005 28.130300000000002 17.06 32.0 25000.0
20K-dog.jpg 7751.0 12 0.8665999999999999 1.3817000000000002 2.15435 3.4421 5.416 7.6907000000000005 10.23986 11.939300000000001 12.93 13.0 8000.0
1.1M-tomcat.jpg 13274.0 57 1.0017 4.04725 17.328725 51.46014999999999 37.34166666666667 56.025375000000004 56.5176 56.6293 27.34 60.0 11000.0
608K-rome.jpg 26375.0 27 0.9161 4.639830000000003 24.412050000000004 25.1373 21.273633333333333 25.355875 26.0377 26.2079 36.0 25.0 29000.0
440K-gundam.jpg 141642.0 29 0.0 0.0 0.0 0.0 3.169013235294118 0.0 25.148380000000003 28.0099 31.91 27.0 24000.0
244K-water.jpg 20185.0 29 6.3926 22.397639999999996 26.564 27.097800000000003 25.059244444444445 27.711199999999998 28.515479999999997 28.9166 44.13 27.0 24000.0
184K-rafale.jpg 16059.0 54 1.0107 9.842580000000002 31.708000000000002 47.7442 38.522828571428576 52.15729999999999 52.88078 53.1743 33.87 56.0 15000.0
756K-tomcat3.jpg 28639.0 37 0.9987999999999999 9.595400000000005 27.985599999999998 32.1989 28.08131538461539 34.6239 35.7538 36.815 41.28 35.0 31000.0
112K-sunflower.jpg 129625.0 15 0.0 0.0 0.0 0.0 0.3866677419354839 0.0 0.0 15.078399999999998 17.36 15.0 12500.0
2.4M-building.jpg 163212.0 32 0.0 0.0 0.0 0.0 6.606364556962024 0.49945 28.861980000000003 31.2868 37.68 29.0 40000.0
56K-j20.jpg 11997.0 39 0.8597 0.9160200000000001 1.0005 35.786300000000004 22.425720000000002 35.8427 37.520720000000004 38.6394 21.84 37.0 12000.0
384K-puffin.jpg 11926.0 27 0.9786 4.38528 9.4953 25.116300000000003 17.54832 25.7125 26.148339999999997 26.4389 22.69 27.0 24000.0
208K-nature.jpg 9767.0 28 1.0434 2.24805 4.055025 10.50595 12.284899999999999 18.735825 23.74491 27.0843 17.14 31.0 25000.0
20K-dog.jpg 127651.0 11 0.0 0.0 0.0 0.0 0.18585245901639347 0.0 0.0 10.0097 12.75 13.0 8000.0
1.1M-tomcat.jpg 13078.0 62 1.0376 12.882680000000002 30.6503 57.0208 41.72018 57.8249 60.37034 62.067299999999996 27.21 62.0 11000.0
608K-rome.jpg 25434.0 28 0.8751000000000001 0.9984000000000001 24.34655 24.5528 21.02438181818182 26.441599999999998 26.602800000000002 27.4547 32.4 25.0 29000.0
440K-gundam.jpg 21361.0 27 0.8926999999999999 2.05798 23.5614 25.3805 20.503033333333335 26.809299999999997 26.963359999999998 27.026 33.15 27.0 24000.0
244K-water.jpg 20970.0 30 1.0087000000000002 22.524189999999997 26.008924999999998 27.00505 24.394719999999992 27.373675000000002 27.7634 29.3816 41.11 27.0 24000.0
184K-rafale.jpg 15936.0 60 1.052 12.65965 30.423299999999998 51.02055 40.36305 54.605774999999994 57.408950000000004 59.726800000000004 29.58 57.0 15000.0
756K-tomcat3.jpg 28916.0 38 0.9395 7.128720000000005 31.593400000000003 34.3822 29.010892307692306 35.0266 36.428900000000006 37.5305 33.5 35.0 31000.0
112K-sunflower.jpg 7603.0 7 0.9325 1.47691 2.293525 3.65455 3.65455 5.015575 5.832190000000001 6.3766 11.97 27.0 12500.0
2.4M-building.jpg 41529.0 32 0.9248999999999999 18.868680000000005 26.43605 28.3263 25.439184210526314 29.42875 30.535300000000003 31.2327 41.76 29.0 40000.0
56K-j20.jpg 12173.0 36 0.9831 5.443580000000001 12.134300000000001 34.9703 23.781160000000003 35.2078 35.4493 35.6103 25.54 37.0 12000.0
384K-puffin.jpg 12066.0 26 1.0112 5.43212 12.0635 23.4005 17.605059999999998 25.5991 25.81024 25.951 22.45 27.0 24000.0
208K-nature.jpg 9339.0 30 0.8931 0.92769 0.979575 14.850050000000001 14.929050000000002 28.799525000000003 28.99361 29.123 19.18 31.0 25000.0
20K-dog.jpg 7713.0 13 0.8178 0.85488 0.9105 1.0031999999999999 4.8561 6.875249999999999 10.398480000000001 12.747300000000001 12.77 13.0 8000.0
1.1M-tomcat.jpg 12934.0 61 1.0039 6.143140000000001 13.852 58.9542 38.98536 60.1258 60.64486 60.9909 26.84 64.0 11000.0
608K-rome.jpg 25551.0 29 0.8737 1.0034999999999998 23.673599999999997 24.584 20.763445454545455 24.99805 27.4427 28.0173 31.16 25.0 29000.0
440K-gundam.jpg 21428.0 28 0.9077 2.1533 25.1276 25.9914 21.115955555555555 27.6379 27.730280000000004 27.765 32.07 27.0 24000.0
244K-water.jpg 19643.0 30 1.0070000000000001 21.339719999999996 26.531599999999997 26.801599999999997 24.317833333333333 27.081599999999998 28.178140000000003 29.4311 39.13 27.0 24000.0
184K-rafale.jpg 14487.0 66 0.9697 5.8376 22.1517 57.96955 42.41570000000001 60.814475 63.43995000000001 65.6102 34.58 62.0 15000.0
756K-tomcat3.jpg 28504.0 38 0.9103 7.351420000000005 31.4514 33.441 28.728107692307695 34.7874 35.2703 37.955 31.76 35.0 31000.0
112K-sunflower.jpg 10073.0 16 0.9347 2.3173100000000004 4.391225 10.5442 9.421175 15.57415 15.62662 15.6616 18.49 15.0 12500.0
2.4M-building.jpg 34748.0 38 1.0037 14.929450000000001 31.299674999999997 35.065349999999995 30.2465875 35.726175000000005 36.370149999999995 37.719 47.93 36.0 40000.0
56K-j20.jpg 12388.0 37 1.0437 8.31062 19.211 34.810500000000005 25.43132 35.0164 36.25156 37.075 26.64 37.0 12000.0
384K-puffin.jpg 11685.0 28 0.9856999999999999 4.114070000000001 8.806625 18.12315 16.25195 25.568475 26.892870000000002 27.7758 19.4 27.0 24000.0
208K-nature.jpg 9235.0 28 0.9326000000000001 2.5534 4.9845999999999995 9.0366 12.374433333333334 18.09535 23.5306 27.1541 18.21 31.0 25000.0
20K-dog.jpg 8176.0 13 0.9283 0.9427 0.9643 1.0003 4.7257333333333325 6.6244499999999995 9.99894 12.2486 14.09 13.0 8000.0
1.1M-tomcat.jpg 12877.0 62 1.0352 9.54712 22.315 58.9775 40.951240000000006 61.1251 61.23208 61.3034 27.99 64.0 11000.0
608K-rome.jpg 26598.0 28 0.8883 3.2120600000000024 23.305475 24.56695 20.94790833333333 25.598275000000005 26.297980000000003 27.105300000000003 33.58 25.0 29000.0
440K-gundam.jpg 21581.0 29 0.9505 5.46322 24.8752 25.7454 21.329877777777778 26.1191 27.83646 28.414299999999997 30.88 27.0 24000.0
244K-water.jpg 20152.0 29 0.9998999999999999 19.6931 25.0506 26.147199999999998 23.553955555555554 27.053 28.17848 28.3444 43.21 27.0 24000.0
184K-rafale.jpg 14854.0 65 1.0282 14.2569 34.454750000000004 56.36335 44.02838333333334 57.919275000000006 61.4649 64.82560000000001 29.97 62.0 15000.0
756K-tomcat3.jpg 27629.0 37 0.9722 10.337240000000001 32.793575000000004 34.2626 29.650425 35.920075000000004 36.16807 36.4643 31.86 36.0 31000.0
112K-sunflower.jpg 129918.0 15 0.0 0.0 0.0 0.0 0.4729629032258065 0.0 0.0 14.7514 15.87 15.0 12500.0
2.4M-building.jpg 33521.0 38 0.9567 12.524340000000006 31.3988 34.986999999999995 29.880166666666668 35.79585 36.87577999999999 37.682199999999995 38.38 36.0 40000.0
56K-j20.jpg 11929.0 37 1.0395999999999999 7.429750000000001 17.014975000000003 28.126649999999998 23.541325 34.653 35.98464 36.8724 21.7 38.0 12000.0
384K-puffin.jpg 12043.0 29 0.8908 2.2047600000000003 4.1757 25.6385 17.16518 26.5839 27.75576 28.537 23.32 27.0 24000.0
208K-nature.jpg 9288.0 30 1.0373999999999999 4.5153 9.73215 18.4269 16.266666666666666 23.8813 27.153940000000002 29.335700000000003 16.38 31.0 25000.0
20K-dog.jpg 7719.0 8 1.0098 1.6170100000000003 2.5278250000000004 4.045850000000001 4.045850000000001 5.563875 6.474690000000001 7.081900000000001 11.84 14.0 8000.0
1.1M-tomcat.jpg 12877.0 63 1.0208 8.150280000000002 18.8445 60.162600000000005 41.12916 62.7976 62.81121999999999 62.820299999999996 26.89 64.0 11000.0
608K-rome.jpg 26241.0 27 0.9489 3.164680000000002 23.648274999999998 24.9292 20.879641666666668 25.19775 25.397190000000002 26.6919 32.97 25.0 29000.0
440K-gundam.jpg 21739.0 29 1.0399 10.374779999999998 23.784200000000002 24.3785 21.283044444444446 25.879 27.00714 28.6393 32.37 27.0 24000.0
244K-water.jpg 20496.0 29 0.998 19.984080000000002 25.0843 26.3583 23.51182222222222 26.8017 27.099500000000003 28.065900000000003 38.94 27.0 24000.0
184K-rafale.jpg 14941.0 64 0.9257 4.4435 19.592425 54.81235000000001 40.451 59.122675 62.09715 63.7437 33.75 62.0 15000.0
756K-tomcat3.jpg 27830.0 38 1.0479 13.202780000000002 33.699875 35.50585 30.490200000000005 35.865750000000006 36.11421 37.3763 33.81 36.0 31000.0
112K-sunflower.jpg 10256.0 16 0.9131 1.8704600000000002 3.3064999999999998 9.858 9.0616 15.6131 15.61562 15.6173 17.15 15.0 12500.0
2.4M-building.jpg 153478.0 39 0.0 0.0 0.0 0.0 6.371258108108107 0.0 32.99928 38.8675 49.78 36.0 40000.0
56K-j20.jpg 12012.0 39 1.0221 5.85342 13.1004 34.9865 24.5938 35.057199999999995 37.30456 38.802800000000005 23.55 38.0 12000.0
384K-puffin.jpg 12466.0 27 0.8504 0.9112399999999999 1.0025 25.756 16.394900000000003 27.1193 27.195500000000003 27.2463 20.36 27.0 24000.0
208K-nature.jpg 9544.0 29 1.0354999999999999 4.930540000000001 10.773100000000001 20.5107 16.8026 24.686149999999998 27.191419999999997 28.8616 17.5 31.0 25000.0
20K-dog.jpg 7581.0 8 1.0248 1.6971800000000001 2.70575 4.3867 4.3867 6.0676499999999995 7.076220000000001 7.7486 11.55 14.0 8000.0
1.1M-tomcat.jpg 13166.0 60 0.9690000000000001 5.354000000000001 11.931500000000002 56.491899999999994 37.70532 59.417 59.59712 59.717200000000005 33.38 64.0 11000.0
608K-rome.jpg 25752.0 27 0.9340999999999999 5.2116999999999996 23.726099999999995 24.6375 20.981245454545455 25.017799999999998 26.2161 26.922399999999996 32.72 25.0 29000.0
440K-gundam.jpg 21507.0 29 0.9070999999999999 0.9835 24.6897 26.0991 20.795377777777777 26.9906 27.32262 28.100700000000003 30.87 27.0 24000.0
244K-water.jpg 20199.0 30 0.9969 20.84306 26.0383 26.531100000000002 24.183555555555557 27.599899999999998 28.30496 29.5156 40.56 27.0 24000.0
184K-rafale.jpg 15133.0 63 0.9689 0.98265 14.31955 54.6592 38.47698333333334 56.366875 59.7891 62.7655 30.3 62.0 15000.0
756K-tomcat3.jpg 28024.0 40 1.053 11.941550000000001 31.497200000000003 33.265550000000005 29.423508333333334 35.51515 36.23107 39.4734 46.34 36.0 31000.0
112K-sunflower.jpg 10141.0 15 0.9299 1.1522299999999999 1.485725 8.10895 8.060374999999999 14.683599999999998 14.929659999999998 15.093699999999998 17.46 15.0 12500.0
2.4M-building.jpg 33692.0 38 1.0090000000000001 15.517880000000005 33.361 34.9071 30.763773333333333 35.94795 36.18352 37.9604 37.7 36.0 40000.0
56K-j20.jpg 11904.0 38 1.0322 7.821770000000002 18.006125 29.5242 24.36185 35.879925 36.77205 37.3668 20.59 38.0 12000.0
384K-puffin.jpg 11575.0 29 0.9273 2.58327 5.0672250000000005 16.00235 15.282275 26.217399999999998 27.40522 28.1971 19.89 27.0 24000.0
208K-nature.jpg 9171.0 31 0.9762000000000001 2.7951200000000007 5.5235 10.0708 13.999799999999999 20.511599999999998 26.77608 30.952399999999997 17.22 31.0 25000.0
20K-dog.jpg 7788.0 14 0.956 1.9003800000000002 3.31695 5.677899999999999 6.836900000000001 9.77735 12.23702 13.876800000000001 13.02 14.0 8000.0
1.1M-tomcat.jpg 12957.0 66 0.9998 4.37255 15.339524999999998 47.9058 38.134449999999994 58.45072499999999 62.125 65.5455 26.64 64.0 11000.0
608K-rome.jpg 25464.0 28 0.831 1.0139 23.69165 24.7125 20.665936363636366 25.0226 27.0652 27.083299999999998 33.08 25.0 29000.0
440K-gundam.jpg 21696.0 28 0.9056000000000001 0.9814400000000001 26.521900000000002 26.784000000000002 21.1828 27.152399999999997 27.231899999999996 27.5023 28.03 27.0 24000.0
