20K-dog.jpg 6034.0 8 0.9285 1.6307099999999999 2.6840249999999997 4.43955 4.43955 6.195074999999999 7.24839 7.9506 11.57 64.0 8000.0
1.1M-tomcat.jpg 10857.0 62 34.2432 41.88924 53.3583 60.03235000000001 54.07495 60.748999999999995 61.49474 61.991899999999994 32.19 64.0 11000.0
608K-rome.jpg 10125.0 63 1.0173 18.78048 45.42525 60.6804 46.1149 61.37004999999999 61.79692 62.0815 36.35 64.0 29000.0
440K-gundam.jpg 9600.0 61 1.0055 17.606240000000003 42.507349999999995 57.44200000000001 44.04925 58.983900000000006 59.77806 60.3075 46.15 64.0 24000.0
244K-water.jpg 9381.0 62 1.0187 17.089610000000004 41.195975 57.68255 44.46985000000001 60.95642500000001 61.27993000000001 61.4956 53.91 64.0 24000.0
184K-rafale.jpg 12242.0 68 29.345100000000002 41.30946 59.256 59.8084 56.49414000000001 66.1345 67.20982 67.9267 63.41 64.0 15000.0
756K-tomcat3.jpg 15305.0 65 6.455299999999999 35.1488 55.418150000000004 56.7853 51.5224 60.880649999999996 62.96057999999999 64.8186 68.56 64.0 31000.0
112K-sunflower.jpg 3844.0 45 44.8241 44.8241 44.8241 44.8241 44.8241 44.8241 44.8241 44.8241 54.86 64.0 12500.0
2.4M-building.jpg 18433.0 66 53.3844 53.740770000000005 58.1751 60.800599999999996 59.898187500000006 62.079925 64.06831 65.6788 70.2 64.0 40000.0
56K-j20.jpg 6384.0 62 44.0676 45.79462 48.38515 52.70270000000001 52.70270000000001 57.02025 59.61078 61.337799999999994 58.94 64.0 12000.0
384K-puffin.jpg 5462.0 50 20.2313 23.185280000000002 27.61625 35.0012 35.0012 42.38615 46.817119999999996 49.7711 60.97 64.0 24000.0
208K-nature.jpg 4743.0 38 37.5692 37.5692 37.5692 37.5692 37.5692 37.5692 37.5692 37.5692 60.77 64.0 25000.0
20K-dog.jpg 6129.0 19 1.0322 2.78524 5.4148000000000005 9.7974 9.7974 14.18 16.809559999999998 18.5626 12.38 32.0 8000.0
1.1M-tomcat.jpg 19664.0 32 29.7371 29.80752 30.052200000000003 30.417799999999996 30.620699999999996 31.089025000000003 31.73779 31.854200000000002 35.3 32.0 11000.0
608K-rome.jpg 18613.0 35 0.9991 25.545740000000002 32.067 32.2806 29.096933333333332 32.5197 33.45962 34.7033 41.33 32.0 29000.0
440K-gundam.jpg 17176.0 32 28.214000000000002 28.31822 29.054000000000002 31.904899999999998 30.638928571428572 32.02745 32.142700000000005 32.1907 48.17 32.0 24000.0
244K-water.jpg 16843.0 33 1.0114 18.33076 30.11925 30.539499999999997 27.047000000000004 32.27555 32.94206 32.9885 55.34 32.0 24000.0
184K-rafale.jpg 22903.0 36 29.175900000000002 29.31315 31.61165 32.093 32.26079 33.107175 34.97783 35.8745 65.19 32.0 15000.0
756K-tomcat3.jpg 147953.0 35 0.0 0.0 0.0 0.0 5.2090749999999995 0.0 31.22014 34.9364 73.9 32.0 31000.0
112K-sunflower.jpg 5031.0 13 12.1097 12.1097 12.1097 12.1097 12.1097 12.1097 12.1097 12.1097 60.9 32.0 12500.0
2.4M-building.jpg 154020.0 35 0.0 0.0 0.0 0.0 5.990941333333333 0.0 31.059540000000002 34.1263 88.0 32.0 40000.0
56K-j20.jpg 11418.0 32 13.235999999999999 19.55244 29.0271 30.5245 26.956680000000002 30.773699999999998 31.04274 31.2221 72.17 32.0 12000.0
384K-puffin.jpg 8406.0 32 28.909699999999997 29.230839999999997 29.71255 30.5154 30.165533333333332 30.793450000000004 30.96028 31.0715 73.34 32.0 24000.0
208K-nature.jpg 126987.0 30 0.0 0.0 0.0 0.0 0.7366983606557376 0.0 0.0 29.914 77.16 32.0 25000.0
20K-dog.jpg 73931.0 2 0.8166 0.9237000000000001 0.9719500000000001 1.09875 1.1092305555555555 1.25275 1.3683499999999997 1.4091 13.88 1.0 8000.0
2.4M-building.jpg 158344.0 34 0.0 0.0 0.0 0.0 6.120850649350648 0.0 31.508120000000005 33.1914 40.06 32.0 40000.0
