CPU	CPU%c6
-	96.93
0	0.00
4	99.93
8	93.15
10	99.81
6	99.61
2	98.95
12	98.49
16	99.93
20	99.95
22	99.73
18	99.91
14	97.78
24	98.75
28	99.95
32	98.77
36	99.92
34	98.83
30	95.45
26	99.95
40	94.30
44	99.83
46	99.63
42	99.04
38	96.99
1	98.67
5	99.59
9	97.17
13	99.90
11	98.73
7	99.33
3	99.81
17	99.86
21	99.93
25	99.95
23	99.93
19	99.90
15	99.95
29	96.32
33	99.95
37	99.95
35	99.95
31	99.92
27	99.83
41	99.95
45	96.50
47	99.37
43	99.95
39	99.81
 
CPU	CPU%c6
-	96.97
0	0.00
4	99.47
8	93.40
10	99.83
6	98.78
2	99.53
12	98.48
16	99.93
20	99.90
22	99.69
18	99.90
14	98.07
24	98.97
28	99.93
32	98.45
36	99.90
34	98.84
30	95.52
26	99.90
40	94.23
44	99.85
46	99.57
42	99.15
38	96.79
1	98.66
5	99.71
9	99.07
13	99.90
11	99.88
7	99.90
3	99.66
17	99.90
21	99.85
25	99.93
23	99.93
19	99.78
15	99.90
29	99.88
33	99.90
37	99.93
35	99.93
31	99.88
27	99.78
41	99.90
45	92.44
47	99.32
43	99.90
39	99.53
 
CPU	CPU%c6
-	96.90
0	0.00
4	99.87
8	93.83
10	99.85
6	98.50
2	99.75
12	98.29
16	99.95
20	99.95
22	99.27
18	99.93
14	98.06
24	98.82
28	99.95
32	98.35
36	99.90
34	98.80
30	95.42
26	99.95
40	98.03
44	99.66
46	99.56
42	96.95
38	94.98
1	96.47
5	99.03
9	97.28
13	99.93
11	99.41
7	99.25
3	99.79
17	99.95
21	99.93
25	99.93
23	99.95
19	99.88
15	99.95
29	94.56
33	99.95
37	99.90
35	99.91
31	99.93
27	99.88
41	99.92
45	99.90
47	99.49
43	99.93
39	99.54
 
CPU	CPU%c6
-	96.91
0	0.00
4	99.89
8	93.64
10	99.85
6	98.78
2	99.37
12	98.55
16	99.93
20	99.93
22	99.57
18	99.71
14	98.03
24	98.87
28	99.88
32	98.44
36	99.90
34	98.75
30	95.50
26	99.93
40	98.27
44	99.78
46	99.58
42	96.87
38	94.80
1	96.95
5	99.37
9	98.89
13	99.87
11	99.31
7	99.07
3	99.82
17	99.93
21	99.50
25	99.89
23	99.90
19	99.84
15	99.93
29	93.81
33	99.93
37	99.93
35	99.88
31	99.87
27	99.74
41	99.90
45	99.93
47	99.44
43	99.82
39	99.46
 
CPU	CPU%c6
-	96.89
0	0.00
4	99.83
8	92.58
10	99.85
6	98.89
2	99.75
12	98.45
16	99.88
20	99.95
22	99.74
18	99.52
14	97.87
24	99.01
28	99.95
32	98.58
36	99.90
34	98.77
30	95.40
26	99.90
40	96.23
44	99.85
46	99.69
42	94.81
38	98.59
1	98.58
5	99.48
9	97.18
13	99.93
11	99.93
7	99.24
3	99.35
17	99.93
21	99.93
25	99.95
23	99.95
19	99.87
15	99.95
29	92.08
33	99.93
37	99.95
35	99.95
31	99.92
27	99.88
41	99.95
45	99.93
47	99.49
43	99.95
39	99.41
 
CPU	CPU%c6
-	96.91
0	0.00
4	99.90
8	93.49
10	99.88
6	99.52
2	98.99
12	98.49
16	99.95
20	99.93
22	99.61
18	99.95
14	97.64
24	98.49
28	99.95
32	98.49
36	99.90
34	98.80
30	95.51
26	99.95
40	95.95
44	99.75
46	99.64
42	94.90
38	98.58
1	98.00
5	99.57
9	98.63
13	99.93
11	99.39
7	99.44
3	99.40
17	99.95
21	99.88
25	99.95
23	99.95
19	99.88
15	99.93
29	92.12
33	99.95
37	99.95
35	99.95
31	99.90
27	99.83
41	99.95
45	99.95
47	99.37
43	99.95
39	99.51
 
CPU	CPU%c6
-	96.90
0	0.00
4	98.55
8	93.15
10	99.82
6	99.23
2	99.40
12	98.40
16	99.93
20	99.93
22	99.72
18	99.87
14	98.20
24	98.88
28	99.93
32	98.59
36	99.90
34	98.74
30	95.45
26	99.93
40	94.22
44	99.78
46	99.55
42	99.21
38	96.85
1	98.43
5	99.58
9	97.88
13	99.88
11	99.26
7	99.90
3	99.45
17	99.89
21	99.90
25	99.90
23	99.93
19	99.80
15	99.93
29	92.17
33	99.93
37	99.90
35	99.93
31	99.84
27	99.85
41	99.93
45	99.86
47	99.39
43	99.90
39	99.51
 
CPU	CPU%c6
-	96.97
0	0.00
4	99.06
8	93.20
10	99.85
6	99.70
2	99.90
12	98.52
16	99.93
20	99.95
22	99.49
18	99.83
14	98.07
24	98.83
28	99.93
32	98.69
36	99.90
34	98.87
30	95.45
26	99.95
40	94.34
44	99.85
46	99.54
42	98.99
38	96.83
1	98.73
5	99.76
9	98.73
13	99.90
11	99.32
7	99.40
3	99.93
17	99.92
21	99.93
25	99.95
23	99.93
19	99.88
15	99.95
29	92.12
33	99.95
37	99.95
35	99.93
31	99.90
27	99.86
41	99.93
45	99.93
47	99.47
43	99.95
39	99.73
 
CPU	CPU%c6
-	96.84
0	0.00
4	99.03
8	93.79
10	99.80
6	99.47
2	99.71
12	98.33
16	99.93
20	99.93
22	99.42
18	99.93
14	97.85
24	98.80
28	99.93
32	97.96
36	99.90
34	98.47
30	95.49
26	99.90
40	98.27
44	99.64
46	99.37
42	96.89
38	94.39
1	98.41
5	99.41
9	97.06
13	99.90
11	99.24
7	99.40
3	99.74
17	99.93
21	99.46
25	99.93
23	99.93
19	99.78
15	99.93
29	92.16
33	99.90
37	99.90
35	99.89
31	99.93
27	99.80
41	99.86
45	99.90
47	99.37
43	99.93
39	99.49
 
CPU	CPU%c6
-	96.92
0	0.00
4	99.84
8	93.92
10	99.78
6	98.69
2	99.66
12	98.41
16	99.95
20	99.95
22	99.58
18	99.76
14	97.85
24	98.90
28	99.95
32	98.75
36	99.90
34	98.84
30	95.39
26	99.95
40	98.32
44	99.88
46	99.58
42	96.72
38	94.59
1	93.17
5	99.76
9	98.32
13	99.77
11	99.28
7	99.24
3	99.07
17	99.95
21	99.88
25	99.92
23	99.95
19	99.37
15	99.93
29	97.82
33	99.83
37	99.93
35	99.95
31	99.90
27	99.77
41	99.95
45	99.95
47	99.44
43	99.93
39	99.73
 
CPU	CPU%c6
-	96.92
0	0.00
4	99.95
8	93.20
10	99.85
6	98.83
2	99.80
12	98.39
16	99.90
20	99.95
22	99.63
18	99.88
14	98.06
24	98.56
28	99.95
32	98.54
36	99.92
34	98.73
30	95.57
26	99.92
40	96.26
44	99.88
46	99.66
42	95.00
38	98.77
1	97.59
5	99.68
9	97.93
13	99.85
11	99.47
7	99.08
3	99.32
17	99.95
21	99.93
25	99.93
23	99.95
19	99.88
15	99.32
29	93.38
33	99.90
37	99.95
35	99.95
31	99.95
27	99.85
41	99.95
45	99.95
47	99.49
43	99.95
39	99.71
 
CPU	CPU%c6
-	96.92
0	0.00
4	99.37
8	92.79
10	99.80
6	98.84
2	99.35
12	98.30
16	99.90
20	99.93
22	99.40
18	99.93
14	97.97
24	98.53
28	99.90
32	98.68
36	99.90
34	98.83
30	95.47
26	99.93
40	95.90
44	99.80
46	99.47
42	95.18
38	98.65
1	98.65
5	99.35
9	99.70
13	99.88
11	99.21
7	99.85
3	99.52
17	99.87
21	99.90
25	99.93
23	99.90
19	99.78
15	99.93
29	92.99
33	99.93
37	99.93
35	99.90
31	99.84
27	99.83
41	99.90
45	99.86
47	99.34
43	99.93
39	99.49
 
CPU	CPU%c6
-	96.95
0	0.00
4	99.93
8	93.04
10	99.79
6	98.85
2	99.85
12	98.23
16	99.95
20	99.93
22	99.57
18	99.92
14	98.15
24	98.94
28	99.95
32	98.64
36	99.92
34	98.92
30	95.57
26	99.93
40	94.38
44	99.80
46	99.61
42	99.20
38	97.29
1	98.60
5	99.52
9	97.21
13	99.93
11	99.30
7	99.30
3	99.77
17	99.95
21	99.90
25	99.95
23	99.95
19	99.90
15	99.95
29	92.82
33	99.93
37	99.95
35	99.95
31	99.95
27	99.83
41	99.95
45	99.90
47	99.46
43	99.95
39	99.49
 
CPU	CPU%c6
-	96.96
0	0.00
4	99.93
8	94.02
10	99.80
6	98.70
2	99.80
12	98.36
16	99.93
20	99.93
22	99.65
18	99.93
14	97.96
24	98.71
28	99.93
32	98.68
36	99.87
34	98.86
30	95.46
26	99.93
40	94.49
44	99.78
46	99.59
42	98.91
38	96.95
1	98.46
5	99.44
9	98.57
13	99.90
11	99.37
7	99.23
3	99.80
17	99.93
21	99.88
25	99.93
23	99.93
19	99.85
15	99.90
29	92.65
33	99.93
37	99.85
35	99.90
31	99.81
27	99.81
41	99.93
45	99.88
47	99.51
43	99.84
39	99.70
 
CPU	CPU%c6
-	96.93
0	0.00
4	98.96
8	93.33
10	99.83
6	99.10
2	99.32
12	98.44
16	99.95
20	99.92
22	99.23
18	99.93
14	98.17
24	98.86
28	99.95
32	98.46
36	99.92
34	98.86
30	95.54
26	99.95
40	98.35
44	99.71
46	99.52
42	96.99
38	94.66
1	95.68
5	99.39
9	98.40
13	99.90
11	99.91
7	99.83
3	99.74
17	99.95
21	99.90
25	99.93
23	99.95
19	99.83
15	99.95
29	95.17
33	99.92
37	99.92
35	99.92
31	99.95
27	99.85
41	99.91
45	99.95
47	99.37
43	99.95
39	99.49
 
CPU	CPU%c6
-	96.99
0	0.00
4	99.07
8	93.86
10	99.75
6	99.70
2	99.66
12	98.63
16	99.93
20	99.95
22	99.27
18	99.92
14	98.25
24	98.96
28	99.93
32	98.88
36	99.90
34	98.97
30	95.50
26	99.95
40	98.23
44	99.80
46	99.66
42	96.84
38	95.48
1	94.25
5	99.49
9	99.06
13	99.87
11	99.22
7	99.36
3	98.84
17	99.93
21	99.93
25	99.89
23	99.93
19	99.88
15	99.95
29	97.49
33	99.95
37	99.95
35	99.93
31	99.95
27	99.80
41	99.93
45	99.90
47	99.37
43	99.95
39	99.49
 
CPU	CPU%c6
-	96.90
0	0.00
4	98.82
8	92.96
10	99.85
6	99.67
2	99.78
12	98.43
16	99.88
20	99.90
22	99.61
18	99.80
14	97.77
24	98.92
28	99.93
32	98.54
36	99.90
34	98.80
30	95.45
26	99.87
40	96.24
44	99.78
46	99.48
42	94.98
38	99.30
1	98.71
5	99.45
9	96.63
13	99.90
11	99.45
7	99.28
3	99.90
17	99.93
21	99.47
25	99.93
23	99.93
19	99.85
15	99.93
29	92.75
33	99.90
37	99.93
35	99.93
31	99.93
27	99.81
41	99.93
45	99.90
47	99.41
43	99.93
39	99.68
 
CPU	CPU%c6
-	96.95
0	0.00
4	99.18
8	93.54
10	99.83
6	99.47
2	99.81
12	98.29
16	99.95
20	99.95
22	99.54
18	99.95
14	98.08
24	98.88
28	99.95
32	98.78
36	99.90
34	98.90
30	95.45
26	99.95
40	95.81
44	99.80
46	99.59
42	95.25
38	98.92
1	98.61
5	99.51
9	98.40
13	99.93
11	98.71
7	99.13
3	99.49
17	99.92
21	99.90
25	99.93
23	99.95
19	99.88
15	99.93
29	92.94
33	99.95
37	99.93
35	99.95
31	99.89
27	99.86
41	99.95
45	99.86
47	99.47
43	99.93
39	99.73
 
CPU	CPU%c6
-	96.92
0	0.00
4	99.93
8	93.20
10	99.79
6	98.92
2	99.88
12	98.36
16	99.95
20	99.95
22	99.70
18	99.89
14	97.74
24	98.87
28	99.93
32	98.45
36	99.90
34	98.79
30	95.44
26	99.95
40	94.32
44	99.75
46	99.54
42	98.97
38	96.92
1	98.62
5	99.47
9	97.19
13	99.90
11	99.35
7	99.52
3	99.93
17	99.95
21	99.93
25	99.95
23	99.95
19	99.88
15	99.95
29	92.02
33	99.95
37	99.95
35	99.93
31	99.93
27	99.85
41	99.93
45	99.95
47	99.44
43	99.95
39	99.73
 
CPU	CPU%c6
-	96.94
0	0.00
4	99.40
8	93.17
10	99.78
6	98.56
2	99.30
12	98.34
16	99.90
20	99.90
22	99.63
18	99.93
14	97.73
24	98.88
28	99.93
32	98.70
36	99.90
34	98.84
30	95.45
26	99.93
40	94.74
44	99.83
46	99.59
42	98.21
38	96.90
1	98.44
5	99.49
9	99.09
13	99.88
11	99.86
7	99.88
3	99.83
17	99.90
21	99.90
25	99.93
23	99.90
19	99.80
15	99.93
29	92.58
33	99.93
37	99.93
35	99.92
31	99.88
27	99.83
41	99.93
45	99.93
47	99.42
43	99.93
39	99.46
 
CPU	CPU%c6
-	96.90
0	0.00
4	99.93
8	93.17
10	99.85
6	98.74
2	99.77
12	98.23
16	99.95
20	99.93
22	99.49
18	99.95
14	97.71
24	98.90
28	99.95
32	98.17
36	99.92
34	98.79
30	95.49
26	99.93
40	98.27
44	99.66
46	99.63
42	94.77
38	96.79
1	98.25
5	99.68
9	97.81
13	99.92
11	98.95
7	99.36
3	99.89
17	99.95
21	99.90
25	99.95
23	99.95
19	99.90
15	99.93
29	92.26
33	99.93
37	99.92
35	99.89
31	99.95
27	99.83
41	99.92
45	99.93
47	99.42
43	99.95
39	99.73
 
CPU	CPU%c6
-	96.92
0	0.00
4	99.84
8	93.73
10	99.80
6	98.90
2	99.66
12	98.42
16	99.93
20	99.93
22	99.28
18	99.87
14	97.57
24	99.05
28	99.93
32	98.56
36	99.85
34	98.84
30	95.47
26	99.93
40	97.90
44	99.80
46	99.61
42	96.02
38	96.38
1	98.57
5	99.47
9	98.38
13	99.87
11	99.29
7	99.15
3	99.80
17	99.93
21	99.47
25	99.86
23	99.93
19	99.81
15	99.93
29	92.51
33	99.93
37	99.90
35	99.93
31	99.85
27	99.74
41	99.93
45	99.93
47	99.37
43	99.90
39	99.49
 
CPU	CPU%c6
-	96.93
0	0.00
4	99.95
8	93.22
10	99.85
6	98.89
2	99.88
12	98.54
16	99.85
20	99.95
22	99.32
18	99.95
14	98.20
24	98.95
28	99.93
32	98.55
36	99.92
34	98.74
30	95.50
26	99.91
40	96.03
44	99.88
46	99.56
42	94.91
38	99.49
1	98.64
5	99.67
9	97.11
13	99.90
11	99.42
7	99.05
3	99.18
17	99.95
21	99.93
25	99.95
23	99.95
19	99.89
15	99.95
29	93.15
33	99.87
37	99.95
35	99.90
31	99.95
27	99.53
41	99.93
45	99.95
47	99.28
43	99.93
39	99.75
 
CPU	CPU%c6
-	96.91
0	0.00
4	99.95
8	93.12
10	99.80
6	98.61
2	99.90
12	98.48
16	99.93
20	99.95
22	99.61
18	99.95
14	97.89
24	98.49
28	99.95
32	98.57
36	99.92
34	98.74
30	95.50
26	99.95
40	95.74
44	99.83
46	99.59
42	95.57
38	98.59
1	98.54
5	99.44
9	98.52
13	99.90
11	98.52
7	99.14
3	99.88
17	99.89
21	99.93
25	99.95
23	99.93
19	99.88
15	99.95
29	92.26
33	99.85
37	99.95
35	99.95
31	99.86
27	99.93
41	99.95
45	99.95
47	99.49
43	99.95
39	99.65
 
CPU	CPU%c6
-	96.93
0	0.00
4	99.54
8	93.63
10	99.82
6	99.15
2	99.45
12	97.32
16	99.93
20	99.90
22	99.58
18	99.86
14	97.87
24	98.86
28	99.93
32	98.20
36	99.90
34	98.60
30	95.50
26	99.90
40	94.13
44	99.80
46	99.55
42	99.16
38	96.76
1	98.60
5	99.67
9	97.80
13	99.85
11	99.93
7	99.90
3	99.74
17	99.93
21	99.88
25	99.93
23	99.90
19	99.88
15	99.90
29	92.85
33	99.80
37	99.93
35	99.83
31	99.88
27	99.90
41	99.93
45	99.90
47	99.52
43	99.90
39	99.77
 
CPU	CPU%c6
-	96.96
0	0.00
4	99.90
8	93.20
10	99.83
6	99.84
2	99.83
12	97.54
16	99.95
20	99.95
22	99.70
18	99.93
14	97.88
24	98.91
28	99.95
32	98.78
36	99.90
34	98.70
30	95.48
26	99.95
40	94.85
44	99.80
46	99.69
42	98.73
38	95.71
1	95.81
5	99.54
9	98.69
13	99.93
11	99.33
7	99.45
3	99.85
17	99.93
21	99.90
25	99.93
23	99.95
19	99.88
15	99.95
29	95.53
33	99.83
37	99.93
35	99.95
31	99.88
27	99.95
41	99.81
45	99.95
47	99.40
43	99.93
39	99.73
 
CPU	CPU%c6
-	96.88
0	0.00
4	99.90
8	93.17
10	99.80
6	99.57
2	99.85
12	97.46
16	99.93
20	99.93
22	99.42
18	99.93
14	97.78
24	98.78
28	99.90
32	98.26
36	99.90
34	98.80
30	95.47
26	99.92
40	98.25
44	99.69
46	99.49
42	96.91
38	95.04
1	95.75
5	98.88
9	97.74
13	99.88
11	99.30
7	99.52
3	99.74
17	99.92
21	99.52
25	99.93
23	99.90
19	99.73
15	99.93
29	95.53
33	99.80
37	99.87
35	99.84
31	99.93
27	99.93
41	99.86
45	99.93
47	99.38
43	99.93
39	99.60
 
CPU	CPU%c6
-	96.94
0	0.00
4	99.52
8	93.61
10	99.44
6	98.52
2	99.21
12	97.30
16	99.88
20	99.95
22	99.71
18	99.80
14	98.09
24	99.02
28	99.95
32	98.60
36	99.92
34	98.88
30	95.47
26	99.93
40	98.05
44	99.73
46	99.47
42	96.75
38	95.30
1	95.78
5	99.54
9	99.04
13	99.84
11	99.79
7	99.87
3	99.72
17	99.93
21	99.93
25	99.91
23	99.95
19	99.88
15	99.95
29	95.58
33	99.83
37	99.95
35	99.95
31	99.95
27	99.87
41	99.95
45	99.93
47	99.57
43	99.95
39	99.56
 
CPU	CPU%c6
-	96.97
0	0.00
4	99.90
8	93.15
10	99.78
6	99.71
2	99.77
12	97.49
16	99.86
20	99.93
22	99.58
18	99.95
14	97.99
24	99.14
28	99.95
32	98.44
36	99.92
34	98.73
30	95.49
26	99.79
40	96.21
44	99.78
46	99.59
42	95.01
38	99.37
1	95.82
5	99.41
9	98.05
13	99.93
11	99.54
7	99.45
3	99.92
17	99.95
21	99.90
25	99.95
23	99.95
19	99.88
15	99.93
29	95.65
33	99.83
37	99.95
35	99.95
31	99.95
27	99.93
41	99.95
45	99.95
47	99.54
43	99.95
39	99.56
 
CPU	CPU%c6
-	96.87
0	0.00
4	99.88
8	93.17
10	99.73
6	99.60
2	99.78
12	97.11
16	99.88
20	99.93
22	99.59
18	99.90
14	98.02
24	99.04
28	99.93
32	98.37
36	99.87
34	98.71
30	95.42
26	99.80
40	95.51
44	99.75
46	99.52
42	95.45
38	98.87
1	93.51
5	99.73
9	98.62
13	99.88
11	98.67
7	99.19
3	99.30
17	99.89
21	99.53
25	99.90
23	99.93
19	99.56
15	99.93
29	97.19
33	99.83
37	99.90
35	99.93
31	99.87
27	99.93
41	99.93
45	99.93
47	99.58
43	99.90
39	99.51
 
CPU	CPU%c6
-	96.94
0	0.00
4	99.95
8	92.56
10	99.82
6	99.72
2	99.88
12	98.12
16	99.93
20	99.95
22	99.64
18	99.89
14	97.78
24	98.97
28	99.93
32	98.76
36	99.90
34	98.72
30	95.57
26	99.83
40	94.26
44	99.85
46	99.47
42	99.22
38	96.08
1	91.43
5	99.81
9	97.39
13	99.90
11	99.42
7	99.38
3	99.90
17	99.95
21	99.93
25	99.95
23	99.93
19	99.83
15	99.95
29	99.88
33	99.83
37	99.95
35	99.93
31	99.95
27	99.95
41	99.93
45	99.95
47	99.52
43	99.95
39	99.78
 
CPU	CPU%c6
-	96.92
0	0.00
4	99.93
8	92.50
10	99.63
6	99.61
2	99.87
12	98.50
16	99.95
20	99.95
22	99.32
18	99.95
14	97.95
24	99.02
28	99.95
32	98.71
36	99.92
34	98.79
30	95.52
26	99.81
40	95.15
44	99.80
46	99.54
42	98.61
38	95.57
1	93.68
5	99.47
9	98.28
13	99.93
11	99.30
7	99.35
3	99.85
17	99.93
21	99.92
25	99.95
23	99.95
19	99.90
15	99.95
29	96.95
33	99.83
37	99.95
35	99.95
31	99.90
27	99.93
41	99.95
45	99.93
47	99.32
43	99.95
39	99.46
 
CPU	CPU%c6
-	96.92
0	0.00
4	99.73
8	93.86
10	99.80
6	99.62
2	99.33
12	98.48
16	99.93
20	99.90
22	99.57
18	99.57
14	97.70
24	99.08
28	99.77
32	98.48
36	99.87
34	98.80
30	95.47
26	99.80
40	98.34
44	99.69
46	99.48
42	96.97
38	93.97
1	96.25
5	99.71
9	98.42
13	99.90
11	99.90
7	99.83
3	99.86
17	99.93
21	99.88
25	99.93
23	99.93
19	99.85
15	99.90
29	93.88
33	99.82
37	99.87
35	99.51
31	99.93
27	99.93
41	99.89
45	99.93
47	99.52
43	99.70
39	99.73
 
CPU	CPU%c6
-	96.94
0	0.00
4	99.87
8	93.64
10	99.75
6	99.75
2	99.56
12	97.70
16	99.85
20	99.95
22	99.73
18	99.69
14	97.67
24	99.11
28	99.95
32	98.58
36	99.91
34	98.83
30	95.50
26	99.79
40	97.73
44	99.83
46	99.64
42	96.52
38	95.16
1	93.76
5	99.72
9	97.81
13	99.72
11	99.72
7	99.30
3	99.77
17	99.95
21	99.90
25	99.89
23	99.95
19	99.88
15	99.95
29	97.51
33	99.68
37	99.95
35	99.95
31	99.88
27	99.89
41	99.95
45	99.95
47	99.57
43	99.95
39	99.75
 
CPU	CPU%c6
-	95.98
0	0.00
4	99.75
8	94.58
10	98.82
6	99.42
2	98.68
12	97.11
16	98.49
20	99.13
22	98.56
18	98.35
14	95.94
24	98.44
28	99.25
32	97.41
36	99.70
34	98.59
30	95.20
26	99.19
40	95.64
44	99.48
46	99.18
42	94.88
38	98.00
1	95.27
5	98.43
9	97.49
13	98.69
11	98.72
7	97.85
3	98.47
17	98.95
21	98.08
25	98.52
23	98.66
19	98.71
15	98.66
29	93.11
33	97.84
37	98.08
35	97.86
31	99.78
27	99.75
41	98.24
45	98.15
47	97.72
43	97.94
39	98.04
 
CPU	CPU%c6
-	96.88
0	0.00
4	99.78
8	93.19
10	99.80
6	99.69
2	99.85
12	98.37
16	99.93
20	99.93
22	99.22
18	99.95
14	97.27
24	98.81
28	99.95
32	98.67
36	99.92
34	98.83
30	95.50
26	99.81
40	95.53
44	99.85
46	99.61
42	95.77
38	97.88
1	94.25
5	99.47
9	98.40
13	99.88
11	98.59
7	99.28
3	99.28
17	99.92
21	99.93
25	99.95
23	99.95
19	99.90
15	99.95
29	96.40
33	99.75
37	99.95
35	99.95
31	99.83
27	99.93
41	99.95
45	99.90
47	99.52
43	99.95
39	99.46
 
CPU	CPU%c6
-	96.93
0	0.00
4	99.48
8	91.70
10	99.80
6	99.08
2	99.30
12	98.54
16	99.93
20	99.93
22	99.51
18	99.90
14	97.92
24	99.03
28	99.93
32	98.42
36	99.87
34	98.83
30	95.47
26	99.80
40	94.36
44	99.78
46	99.64
42	98.99
38	96.15
1	98.48
5	99.73
9	99.08
13	99.90
11	99.93
7	99.90
3	99.86
17	99.93
21	99.90
25	99.93
23	99.93
19	99.80
15	99.90
29	92.75
33	99.83
37	99.90
35	99.93
31	99.90
27	99.93
41	99.93
45	99.93
47	99.54
43	99.90
39	99.54
 
CPU	CPU%c6
-	96.99
0	0.00
4	99.90
8	92.47
10	99.83
6	99.84
2	99.85
12	98.53
16	99.95
20	99.95
22	99.54
18	99.93
14	98.05
24	98.82
28	99.95
32	94.23
36	99.92
34	98.91
30	99.95
26	99.83
40	95.28
44	99.80
46	99.69
42	98.52
38	96.16
1	95.61
5	99.81
9	98.44
13	99.87
11	99.32
7	99.37
3	99.90
17	99.95
21	99.90
25	99.93
23	99.95
19	99.88
15	99.95
29	96.07
33	99.77
37	99.95
35	99.93
31	99.95
27	99.95
41	99.93
45	99.95
47	99.51
43	99.95
39	99.77
 
CPU	CPU%c6
-	96.86
0	0.00
4	99.95
8	92.50
10	99.80
6	99.59
2	99.88
12	98.42
16	99.93
20	99.95
22	99.56
18	99.83
14	97.77
24	98.93
28	99.93
32	98.29
36	99.92
34	98.75
30	95.50
26	99.83
40	98.20
44	99.76
46	99.27
42	96.92
38	94.43
1	94.23
5	99.75
9	97.31
13	99.90
11	99.32
7	98.67
3	99.73
17	99.93
21	99.74
25	99.95
23	99.93
19	99.73
15	99.95
29	95.69
33	99.85
37	99.95
35	99.89
31	99.95
27	99.95
41	99.89
45	99.95
47	99.66
43	99.92
39	99.70
 
CPU	CPU%c6
-	96.90
0	0.00
4	99.81
8	93.24
10	99.80
6	99.63
2	99.60
12	98.45
16	99.88
20	99.90
22	99.28
18	99.86
14	97.68
24	99.04
28	99.93
32	98.70
36	99.90
34	98.86
30	95.44
26	99.75
40	97.75
44	99.83
46	99.59
42	96.44
38	95.57
1	91.76
5	99.50
9	97.20
13	99.87
11	99.19
7	99.27
3	98.69
17	99.93
21	99.88
25	99.89
23	99.93
19	99.82
15	99.93
29	99.85
33	99.78
37	99.93
35	99.93
31	99.93
27	99.84
41	99.93
45	99.90
47	99.80
43	99.93
39	99.49
 
CPU	CPU%c6
-	96.95
0	0.00
4	99.90
8	93.54
10	99.85
6	99.67
2	99.68
12	98.66
16	99.95
20	99.95
22	99.56
18	99.95
14	97.05
24	98.61
28	99.95
32	98.26
36	99.90
34	98.73
30	95.49
26	99.83
40	96.18
44	99.70
46	99.70
42	95.05
38	99.11
1	97.91
5	99.49
9	98.55
13	99.93
11	99.33
7	99.29
3	99.82
17	99.95
21	99.93
25	99.93
23	99.95
19	99.88
15	99.93
29	92.70
33	99.88
37	99.93
35	99.95
31	99.93
27	99.95
41	99.95
45	99.95
47	99.85
43	99.93
39	99.49
 
CPU	CPU%c6
-	96.89
0	0.00
4	99.42
8	93.15
10	99.83
6	99.09
2	98.92
12	98.45
16	99.93
20	99.93
22	99.09
18	99.90
14	96.58
24	98.97
28	99.93
32	98.76
36	99.90
34	98.79
30	95.47
26	99.81
40	95.50
44	99.78
46	99.90
42	96.11
38	98.12
1	98.07
5	99.51
9	98.39
13	99.88
11	99.22
7	99.85
3	99.68
17	99.90
21	99.88
25	99.93
23	99.93
19	99.85
15	99.93
29	92.61
33	99.81
37	99.93
35	99.90
31	99.89
27	99.93
41	99.90
45	99.89
47	99.78
43	99.93
39	99.68
 
CPU	CPU%c6
-	96.92
0	0.00
4	99.90
8	91.94
10	99.79
6	99.72
2	99.59
12	98.44
16	99.93
20	99.95
22	99.58
18	99.92
14	97.75
24	99.01
28	99.95
32	98.56
36	99.92
34	98.74
30	95.52
26	99.83
40	94.18
44	99.85
46	99.95
42	99.16
38	96.74
1	98.29
5	99.61
9	97.86
13	99.90
11	99.20
7	99.30
3	99.54
17	99.93
21	99.93
25	99.95
23	99.93
19	99.83
15	99.95
29	92.14
33	99.88
37	99.95
35	99.95
31	99.95
27	99.95
41	99.95
45	99.95
47	99.83
43	99.95
39	99.71
 
CPU	CPU%c6
-	96.90
0	0.00
4	99.90
8	91.84
10	99.85
6	99.69
2	99.62
12	98.50
16	99.95
20	99.90
22	99.72
18	99.95
14	98.13
24	98.77
28	99.95
32	98.68
36	99.92
34	98.89
30	95.50
26	99.80
40	95.40
44	99.80
46	99.92
42	97.45
38	96.24
1	96.28
5	99.47
9	97.93
13	99.93
11	99.27
7	99.28
3	99.47
17	99.90
21	99.90
25	99.95
23	99.95
19	99.90
15	99.93
29	93.96
33	99.81
37	99.95
35	99.95
31	99.95
27	99.93
41	99.95
45	99.93
47	99.82
43	99.95
39	99.69
 
CPU	CPU%c6
-	96.90
0	0.00
4	99.50
8	92.40
10	99.75
6	99.09
2	99.04
12	98.47
16	99.93
20	99.93
22	99.44
18	99.90
14	98.15
24	99.00
28	99.93
32	98.16
36	99.85
34	98.72
30	95.45
26	99.81
40	98.09
44	99.71
46	99.73
42	94.82
38	97.00
1	94.66
5	99.48
9	98.39
13	99.90
11	99.90
7	99.34
3	99.80
17	99.93
21	99.90
25	99.90
23	99.93
19	99.78
15	99.93
29	96.13
33	99.85
37	99.87
35	99.89
31	99.90
27	99.93
41	99.89
45	99.92
47	99.85
43	99.87
39	99.54
 
CPU	CPU%c6
-	96.92
0	0.00
4	99.84
8	93.38
10	99.83
6	99.73
2	99.50
12	98.51
16	99.90
20	99.95
22	99.32
18	99.92
14	97.74
24	98.99
28	99.93
32	98.54
36	99.92
34	98.80
30	95.52
26	99.80
40	97.60
44	99.83
46	99.93
42	96.01
38	96.15
1	98.22
5	98.90
9	97.84
13	99.87
11	99.17
7	99.16
3	99.82
17	99.90
21	99.90
25	99.92
23	99.95
19	99.85
15	99.95
29	92.82
33	99.80
37	99.95
35	99.93
31	99.95
27	99.88
41	99.76
45	99.95
47	99.77
43	99.95
39	99.54
 
CPU	CPU%c6
-	96.91
0	0.00
4	99.90
8	93.41
10	99.83
6	99.67
2	98.94
12	98.56
16	99.85
20	99.95
22	99.68
18	99.95
14	96.64
24	99.06
28	99.95
32	98.54
36	99.92
34	98.66
30	95.50
26	99.83
40	96.15
44	99.85
46	99.71
42	99.05
38	95.01
1	98.43
5	99.47
9	97.77
13	99.90
11	99.40
7	99.45
3	99.87
17	99.93
21	99.47
25	99.95
23	99.93
19	99.86
15	99.95
29	94.73
33	99.52
37	99.88
35	99.93
31	97.54
27	99.86
41	99.95
45	99.95
47	99.87
43	99.84
39	99.46
 
CPU	CPU%c6
-	96.91
0	0.00
4	99.88
8	93.76
10	99.83
6	99.67
2	99.64
12	98.40
16	99.93
20	99.90
22	99.62
18	99.93
14	97.14
24	98.93
28	99.93
32	98.64
36	99.87
34	98.69
30	95.47
26	99.75
40	95.43
44	99.78
46	99.93
42	98.31
38	95.79
1	98.12
5	99.39
9	97.97
13	99.90
11	98.52
7	99.39
3	99.79
17	99.93
21	99.88
25	99.93
23	99.93
19	99.75
15	99.87
29	99.85
33	99.88
37	99.93
35	99.93
31	92.46
27	99.76
41	99.93
45	99.90
47	99.81
43	99.93
39	99.68
 
CPU	CPU%c6
-	96.96
0	0.00
4	99.93
8	91.90
10	99.77
6	99.55
2	99.59
12	98.70
16	99.95
20	99.95
22	99.44
18	99.74
14	98.04
24	98.96
28	99.95
32	98.63
36	99.90
34	98.91
30	95.50
26	99.83
40	94.36
44	99.80
46	99.78
42	97.02
38	98.90
1	98.24
5	99.42
9	98.63
13	99.93
11	99.28
7	99.35
3	99.85
17	99.95
21	99.93
25	99.93
23	99.95
19	99.85
15	99.95
29	99.90
33	99.95
37	99.93
35	99.95
31	92.92
27	99.88
41	99.95
45	99.95
47	99.85
43	99.93
39	99.49
 
CPU	CPU%c6
-	96.95
0	0.00
4	99.42
8	92.22
10	99.83
6	99.74
2	99.21
12	98.52
16	99.93
20	99.93
22	99.48
18	99.93
14	98.20
24	99.04
28	99.90
32	98.56
36	99.90
34	98.80
30	95.48
26	99.81
40	95.44
44	99.73
46	99.66
42	96.31
38	98.01
1	98.26
5	99.43
9	98.48
13	99.88
11	99.87
7	99.85
3	99.81
17	99.93
21	99.88
25	99.93
23	99.92
19	99.85
15	99.93
29	99.88
33	99.85
37	99.93
35	99.90
31	92.92
27	99.80
41	99.90
45	99.93
47	99.80
43	99.93
39	99.70
 
CPU	CPU%c6
-	96.95
0	0.00
4	99.80
8	91.81
10	99.80
6	99.64
2	99.64
12	98.45
16	99.93
20	99.95
22	99.54
18	99.95
14	98.02
24	98.90
28	99.95
32	98.41
36	99.90
34	98.76
30	95.50
26	99.83
40	98.23
44	99.74
46	99.82
42	94.92
38	97.05
1	98.24
5	99.77
9	98.52
13	99.90
11	99.38
7	98.78
3	99.66
17	99.93
21	99.92
25	99.95
23	99.95
19	99.88
15	99.95
29	99.95
33	99.88
37	99.92
35	99.92
31	93.40
27	99.85
41	99.91
45	99.95
47	99.95
43	99.92
39	99.73
 
CPU	CPU%c6
-	96.92
0	0.00
4	99.80
8	92.28
10	99.85
6	99.69
2	99.42
12	98.53
16	99.90
20	99.93
22	99.69
18	99.92
14	97.42
24	99.07
28	99.95
32	98.66
36	99.92
34	98.80
30	95.47
26	99.72
40	97.48
44	99.88
46	99.83
42	94.94
38	98.08
1	98.18
5	99.47
9	97.25
13	99.89
11	99.20
7	99.22
3	99.74
17	99.95
21	99.71
25	99.92
23	99.95
19	99.73
15	99.93
29	99.95
33	99.83
37	99.95
35	99.95
31	93.11
27	99.71
41	99.95
45	99.95
47	99.95
43	99.95
39	99.70
 
CPU	CPU%c6
-	96.96
0	0.00
4	99.85
8	93.33
10	99.80
6	99.67
2	99.46
12	98.67
16	99.93
20	99.93
22	99.61
18	99.90
14	97.10
24	98.73
28	99.93
32	98.27
36	99.87
34	98.58
30	95.54
26	99.81
40	96.24
44	99.73
46	99.90
42	94.98
38	99.61
1	98.15
5	99.75
9	98.02
13	99.90
11	99.42
7	99.39
3	99.80
17	99.93
21	99.90
25	99.90
23	99.93
19	99.80
15	99.93
29	99.93
33	99.85
37	99.90
35	99.93
31	92.86
27	99.83
41	99.93
45	99.93
47	99.92
43	99.90
39	99.73
 
CPU	CPU%c6
-	96.95
0	0.00
4	99.88
8	93.86
10	99.88
6	99.59
2	99.62
12	98.59
16	99.95
20	99.95
22	99.50
18	99.95
14	97.27
24	98.65
28	99.93
32	98.68
36	99.92
34	98.63
30	95.52
26	99.83
40	95.37
44	99.78
46	99.89
42	96.53
38	98.35
1	98.39
5	99.56
9	97.83
13	99.90
11	98.75
7	99.47
3	99.74
17	99.95
21	99.90
25	99.95
23	99.93
19	99.87
15	99.95
29	99.93
33	99.83
37	99.95
35	99.93
31	92.23
27	99.83
41	99.90
45	99.95
47	99.93
43	99.95
39	99.73
 
CPU	CPU%c6
-	96.95
0	0.00
4	99.33
8	91.78
10	99.72
6	99.35
2	99.16
12	98.47
16	99.90
20	99.93
22	99.75
18	99.89
14	97.55
24	98.92
28	99.93
32	98.48
36	99.90
34	98.76
30	95.52
26	99.78
40	94.32
44	99.78
46	99.85
42	99.30
38	97.26
1	98.51
5	99.42
9	99.02
13	99.90
11	99.90
7	99.90
3	99.88
17	99.90
21	99.90
25	99.93
23	99.93
19	99.78
15	99.93
29	99.93
33	99.83
37	99.93
35	99.93
31	92.45
27	99.80
41	99.93
45	99.90
47	99.93
43	99.93
39	99.44
 
CPU	CPU%c6
-	96.92
0	0.00
4	99.93
8	92.89
10	99.88
6	99.62
2	99.49
12	98.34
16	99.95
20	99.93
22	99.33
18	99.95
14	97.56
24	99.07
28	99.95
32	98.51
36	99.90
34	98.72
30	95.45
26	99.83
40	95.79
44	99.80
46	99.92
42	98.19
38	95.87
1	98.30
5	99.50
9	97.76
13	99.93
11	99.25
7	99.25
3	99.84
17	99.95
21	99.88
25	99.95
23	99.95
19	99.85
15	99.93
29	99.95
33	99.83
37	99.95
35	99.95
31	92.26
27	99.82
41	99.95
45	99.95
47	99.95
43	99.95
39	99.51
 
CPU	CPU%c6
-	96.92
0	0.00
4	99.88
8	92.42
10	99.75
6	99.60
2	99.37
12	98.55
16	99.92
20	99.95
22	99.57
18	99.93
14	97.73
24	99.05
28	99.92
32	98.41
36	99.90
34	98.50
30	95.55
26	99.83
40	98.34
44	99.73
46	99.78
42	97.09
38	95.18
1	98.14
5	99.57
9	98.70
13	99.90
11	98.67
7	99.14
3	99.58
17	99.92
21	99.67
25	99.93
23	99.95
19	99.85
15	99.95
29	99.92
33	99.88
37	99.89
35	99.95
31	92.58
27	99.85
41	99.89
45	99.95
47	99.95
43	99.89
39	99.56
 
CPU	CPU%c6
-	96.91
0	0.00
4	99.55
8	92.64
10	99.83
6	99.50
2	99.14
12	98.47
16	99.85
20	99.93
22	99.65
18	99.72
14	96.85
24	99.14
28	99.90
32	98.68
36	99.90
34	98.82
30	95.42
26	99.77
40	97.44
44	99.75
46	99.86
42	96.15
38	96.93
1	98.04
5	99.69
9	97.70
13	99.84
11	99.84
7	99.73
3	99.74
17	99.73
21	99.88
25	99.89
23	99.90
19	99.83
15	99.93
29	99.90
33	99.66
37	99.90
35	99.90
31	92.87
27	99.68
41	99.90
45	99.93
47	99.90
43	99.93
39	99.63
 
CPU	CPU%c6
-	96.94
0	0.00
4	99.88
8	93.17
10	99.80
6	99.64
2	99.61
12	98.56
16	99.95
20	99.93
22	99.61
18	99.83
14	97.20
24	99.09
28	99.95
32	98.46
36	99.92
34	98.80
30	95.55
26	99.81
40	96.26
44	99.80
46	99.83
42	95.04
38	98.70
1	97.88
5	99.73
9	98.42
13	99.93
11	99.20
7	99.42
3	99.49
17	99.93
21	99.93
25	99.95
23	99.95
19	99.90
15	99.95
29	99.95
33	99.85
37	99.95
35	99.95
31	92.00
27	99.83
41	99.95
45	99.93
47	99.95
43	99.95
39	99.74
 
CPU	CPU%c6
-	96.94
0	0.00
4	99.90
8	93.89
10	99.88
6	99.68
2	99.66
12	98.44
16	99.95
20	99.95
22	99.53
18	99.95
14	97.23
24	99.02
28	99.95
32	98.28
36	99.90
34	98.79
30	95.47
26	99.83
40	95.16
44	99.75
46	99.85
42	96.78
38	98.14
1	98.29
5	99.51
9	98.15
13	99.93
11	99.07
7	99.33
3	99.43
17	99.95
21	99.72
25	99.95
23	99.95
19	99.69
15	99.93
29	99.95
33	99.83
37	99.93
35	99.95
31	92.12
27	99.83
41	99.95
45	99.95
47	99.95
43	99.93
39	99.72
 
